nshell ra_offset dec_offset
1   0   0
2   -0.04   0
3   -0.036   -0.02
4   0   0
5   +0.05   0
6   0   0
7   0   0
8   0   0
9   0   0
10  0   0
11  0   0
12  0   0
13  0   0
14  -0.01   -0.01
15  -0.025   -0.02
16  0   0
17  0   0
18  0   0
19  0   0
20  -0.048   0
21  0   0
22  0   0
23  0   0
24  0   0
25  0   0
26  -0.055   0
27  -0.055   0
28  -0.07  0
29  0   0
30  0   0
31  0   0
32  0   0
33  0   0
34  0   0
35  0   0
36  0   0
37  0   0
38  0   0
39  0.   -0.07
40  0.07   -0.07
41  -0.055   0
42  0   0
