7.000000000000000000e+00 1.131884955677109303e+02 2.829712389192773117e+02 7.033516897984487813e+45
7.099999999999999645e+00 1.137262952577369219e+02 2.843157381443422764e+02 7.066935693671774473e+45
7.199999999999999289e+00 1.138073731885306472e+02 2.845184329713266038e+02 7.071973864675206953e+45
7.299999999999998934e+00 1.135505550169865217e+02 2.838763875424663183e+02 7.056015220289969037e+45
7.399999999999998579e+00 1.127437223581334962e+02 2.818593058953337618e+02 7.005878754464307099e+45
7.499999999999998224e+00 1.115547385532600799e+02 2.788868463831502140e+02 6.931995471175995426e+45
7.599999999999997868e+00 1.098523859219685193e+02 2.746309648049212910e+02 6.826211522564762754e+45
7.699999999999997513e+00 1.075733020830224262e+02 2.689332552075560443e+02 6.684589579338549917e+45
7.799999999999997158e+00 1.047425944927950923e+02 2.618564862319877307e+02 6.508689815239233732e+45
7.899999999999996803e+00 1.047764743921915880e+02 2.619411859804789628e+02 6.510795107333736381e+45
