8.000000000000000000e+00 1.903857508792336546e+02 3.807715017584673092e+02 7.571547701080970127e+45
8.099999999999999645e+00 1.938155989774994055e+02 3.876311979549988109e+02 7.707951073515884042e+45
8.199999999999999289e+00 1.961937922751598364e+02 3.923875845503196729e+02 7.802530651622278853e+45
8.299999999999998934e+00 1.972387892858312739e+02 3.944775785716625478e+02 7.844089668918718415e+45
8.399999999999998579e+00 1.973852983787860467e+02 3.947705967575720933e+02 7.849916263507999340e+45
8.499999999999998224e+00 1.962722315129127537e+02 3.925444630258255074e+02 7.805650141539668733e+45
8.599999999999997868e+00 1.940093070746784747e+02 3.880186141493569494e+02 7.715654749295734479e+45
8.699999999999997513e+00 1.907073897022799827e+02 3.814147794045599653e+02 7.584339118925887852e+45
8.799999999999997158e+00 1.862271276967351241e+02 3.724542553934702482e+02 7.406161301879897216e+45
8.899999999999996803e+00 1.807965749414466075e+02 3.615931498828932149e+02 7.190190888968136823e+45
8.999999999999996447e+00 1.807712205463072337e+02 3.615424410926144674e+02 7.189182557140028106e+45
9.099999999999996092e+00 1.744523270801743990e+02 3.489046541603487981e+02 6.937883270949109707e+45
9.199999999999995737e+00 1.671807133861760803e+02 3.343614267723521607e+02 6.648694769742072546e+45
9.299999999999995381e+00 1.591710158274624689e+02 3.183420316549249378e+02 6.330153036146153610e+45
9.399999999999995026e+00 1.506657547845414626e+02 3.013315095690829253e+02 5.991902986448519341e+45
