1.250000000000000000e+01 1.543530532069841570e+02 3.858826330174604209e+02 9.594489316687879968e+45
1.259999999999999964e+01 1.455355620091735886e+02 3.638389050229340000e+02 9.046399574763974262e+45
1.269999999999999929e+01 1.369171116409276578e+02 3.422927791023191730e+02 8.510682086405286857e+45
1.279999999999999893e+01 1.284059901578602307e+02 3.210149753946506053e+02 7.981636094468743126e+45
1.289999999999999858e+01 1.200553323701911381e+02 3.001383309254778169e+02 7.462564425548349570e+45
1.299999999999999822e+01 1.117978001819205645e+02 2.794945004548014253e+02 6.949281385683067631e+45
1.309999999999999787e+01 1.035525377643968028e+02 2.588813444109920283e+02 6.436761027098802449e+45
1.319999999999999751e+01 9.548174543528156732e+01 2.387043635882039325e+02 5.935085620166205361e+45
1.329999999999999716e+01 8.752419887372039398e+01 2.188104971843009707e+02 5.440449499366163207e+45
6.899999999999996803e+00 2.067202918293250136e+01 3.100804377439875026e+01 4.625857490374241273e+44
1.349999999999999645e+01 7.949129967822474896e+01 1.987282491955618866e+02 4.941129505936151123e+45
