1.050000000000000000e+01 7.067932815619445819e+01 2.120379844685833746e+02 6.326471323596888289e+45
1.059999999999999964e+01 7.173431816753705448e+01 2.152029545026111634e+02 6.420902952017157760e+45
1.069999999999999929e+01 7.423237279536994038e+01 2.226971183861098211e+02 6.644502572727164734e+45
1.079999999999999893e+01 7.742025075732870221e+01 2.322607522719861208e+02 6.929847935163113194e+45
1.089999999999999858e+01 8.048802058687718386e+01 2.414640617606315516e+02 7.204442478721082218e+45
1.099999999999999822e+01 8.302719982448408587e+01 2.490815994734522576e+02 7.431723142689657628e+45
1.109999999999999787e+01 8.514182275884375883e+01 2.554254682765312623e+02 7.621001984232725530e+45
1.119999999999999751e+01 8.596862590662259151e+01 2.579058777198677603e+02 7.695008720588834644e+45
1.129999999999999716e+01 8.825858801475055770e+01 2.647757640442516731e+02 7.899982083906313873e+45
1.139999999999999680e+01 9.280076323475060462e+01 2.784022897042518139e+02 8.306549916760907813e+45
1.149999999999999645e+01 9.375707260914951746e+01 2.812712178274485382e+02 8.392148690708668173e+45
