8.000000000000000000e+00 1.207976479454032948e+01 2.415952958908065895e+01 4.805572030564033623e+44
8.099999999999999645e+00 1.395859015294869643e+01 2.791718030589739286e+01 5.553006334646049761e+44
8.199999999999999289e+00 1.638962252652143903e+01 3.277924505304287806e+01 6.520119633500758398e+44
8.299999999999998934e+00 1.947342001444071968e+01 3.894684002888143937e+01 7.746915950144805781e+44
8.399999999999998579e+00 2.326636954518006917e+01 4.653273909036013833e+01 9.255827132463535108e+44
8.499999999999998224e+00 2.778309535562972599e+01 5.556619071125945197e+01 1.105267099437661698e+45
8.599999999999997868e+00 3.310525233053972727e+01 6.621050466107945454e+01 1.316993148213531341e+45
8.699999999999997513e+00 3.912210077619384663e+01 7.824420155238769325e+01 1.556355413078543397e+45
8.799999999999997158e+00 4.577290635467369384e+01 9.154581270934738768e+01 1.820937760601628823e+45
8.899999999999996803e+00 5.282613103932720122e+01 1.056522620786544024e+02 2.101529145006514488e+45
8.999999999999996447e+00 5.290643197200535042e+01 1.058128639440107008e+02 2.104723676710316530e+45
9.099999999999996092e+00 6.049358245821320423e+01 1.209871649164264085e+02 2.406555697352637574e+45
9.199999999999995737e+00 6.836189929876000804e+01 1.367237985975200161e+02 2.719573077903270532e+45
9.299999999999995381e+00 7.669565767474293239e+01 1.533913153494858648e+02 3.051106653616623212e+45
9.399999999999995026e+00 8.484353712265456693e+01 1.696870742453091339e+02 3.375245593813443420e+45
9.499999999999994671e+00 9.310605213581443707e+01 1.862121042716288741e+02 3.703944966066969608e+45
9.599999999999994316e+00 1.012865602899127850e+02 2.025731205798255701e+02 4.029381941453309849e+45
9.699999999999993960e+00 1.093063146160384633e+02 2.186126292320769267e+02 4.348423808055242012e+45
