6.000000000000000000e+00 1.422905710380603139e+01 3.557264275951507670e+01 8.844692964118929103e+44
6.099999999999999645e+00 1.599245641934301965e+01 3.998114104835755001e+01 9.940810957411000642e+44
6.199999999999999289e+00 1.781017185249623935e+01 4.452542963124059838e+01 1.107069150993758397e+45
6.299999999999998934e+00 1.970498214176738117e+01 4.926245535441844936e+01 1.224849374318421767e+45
6.399999999999998579e+00 2.168090687500539460e+01 5.420226718751348471e+01 1.347671620783538242e+45
6.499999999999998224e+00 2.369626795435600286e+01 5.924066988589000715e+01 1.472945205875297459e+45
6.599999999999997868e+00 2.574770288150438091e+01 6.436925720376095228e+01 1.600461118800011326e+45
6.699999999999997513e+00 2.786089076941190257e+01 6.965222692352975287e+01 1.731815557169913012e+45
6.799999999999997158e+00 2.785897878666290239e+01 6.964744696665725598e+01 1.731696709517224185e+45
6.899999999999996803e+00 2.996626175376736612e+01 7.491565438441841707e+01 1.862684101700583164e+45
6.999999999999996447e+00 3.211613737911270050e+01 8.029034344778175125e+01 1.996319026899783337e+45
