7.000000000000000000e+00 1.462240372359323146e+02 4.679169191549834181e+02 1.488706064256720626e+46
7.099999999999999645e+00 1.474084939179213904e+02 4.717071805373484494e+02 1.500765010779182187e+46
7.199999999999999289e+00 1.484047435125641528e+02 4.748951792402053229e+02 1.510907822050799354e+46
7.299999999999998934e+00 1.492320164401970430e+02 4.775424526086305832e+02 1.519330282868068194e+46
7.399999999999998579e+00 1.497347980107985563e+02 4.791513536345553916e+02 1.524449099085290267e+46
7.499999999999998224e+00 1.499938367105223733e+02 4.799802774736716060e+02 1.527086370565722843e+46
7.599999999999997868e+00 1.499246097049475850e+02 4.797587510558323061e+02 1.526381570828568381e+46
7.699999999999997513e+00 1.495270037204435880e+02 4.784864119054195157e+02 1.522333546635659571e+46
7.799999999999997158e+00 1.486497021319741521e+02 4.756790468223173320e+02 1.513401744316255536e+46
7.899999999999996803e+00 1.487337450381500901e+02 4.759479841220802996e+02 1.514257384650409367e+46
