6.000000000000000000e+00 1.999616855147349099e+02 3.999233710294698199e+02 7.954875773147183081e+45
6.099999999999999645e+00 1.974074940984523607e+02 3.948149881969047215e+02 7.853264930224631603e+45
6.199999999999999289e+00 1.899473131421709695e+02 3.798946262843419390e+02 7.556484011421844800e+45
6.299999999999998934e+00 1.742984565490555440e+02 3.485969130981110879e+02 6.933941198434526473e+45
6.399999999999998579e+00 1.697620007669351878e+02 3.395240015338703756e+02 6.753471914510215181e+45
6.499999999999998224e+00 1.730851525960245283e+02 3.461703051920490566e+02 6.885673540575047079e+45
6.599999999999997868e+00 1.758070336083675613e+02 3.516140672167351227e+02 6.993955411008077891e+45
6.699999999999997513e+00 1.811262395729505670e+02 3.622524791459011340e+02 7.205564062691118249e+45
6.799999999999997158e+00 1.812272308093219806e+02 3.624544616186439612e+02 7.209581696056446520e+45
6.899999999999996803e+00 1.846504089353157667e+02 3.693008178706315334e+02 7.345762568264730717e+45
6.999999999999996447e+00 1.905551417271004198e+02 3.811102834542008395e+02 7.580664648187508570e+45
7.099999999999996092e+00 1.940997917833628321e+02 3.881995835667256642e+02 7.721677916725740164e+45
7.199999999999995737e+00 1.972993906692493908e+02 3.945987813384987817e+02 7.848964359604079019e+45
7.299999999999995381e+00 1.953759249250438188e+02 3.907518498500876376e+02 7.772445045368092982e+45
7.399999999999995026e+00 1.920596050424086627e+02 3.841192100848173254e+02 7.640515207797100732e+45
7.499999999999994671e+00 1.886059702051930458e+02 3.772119404103860916e+02 7.503122706702988792e+45
7.599999999999994316e+00 1.794731695174732238e+02 3.589463390349464476e+02 7.139801629744118897e+45
7.699999999999993960e+00 1.682552946568857521e+02 3.365105893137715043e+02 6.693532132040228789e+45
7.799999999999993605e+00 1.554520397940272574e+02 3.109040795880545147e+02 6.184193047085992086e+45
7.899999999999993250e+00 1.554242158092231421e+02 3.108484316184462841e+02 6.183086153322515034e+45
7.999999999999992895e+00 1.326506969199069204e+02 2.653013938398138407e+02 5.277110024867736836e+45
