1.019999999999999929e+01 4.141821874402289438e+00 9.940372498565494652e+00 2.372687392427594635e+44
1.029999999999999893e+01 3.995391815908890365e+00 9.588940358181336165e+00 2.288803351975019524e+44
1.039999999999999858e+01 3.845712814094051080e+00 9.229710753825722591e+00 2.203058119252169158e+44
1.049999999999999822e+01 3.685986564767683937e+00 8.846367755442441805e+00 2.111557212282066923e+44
1.059999999999999787e+01 3.537892684166894064e+00 8.490942442000545043e+00 2.026720033365993887e+44
1.069999999999999751e+01 3.381871107822921552e+00 8.116490658775012079e+00 1.937341388324324973e+44
1.079999999999999716e+01 3.231310045367917994e+00 7.755144108883002652e+00 1.851090857637501386e+44
1.089999999999999680e+01 3.078379625699063205e+00 7.388111101677750980e+00 1.763483015081665717e+44
1.099999999999999645e+01 2.922173376587082316e+00 7.013216103808997737e+00 1.673998578250376870e+44
1.109999999999999609e+01 2.768497598595416775e+00 6.644394236629000083e+00 1.585963749129449278e+44
1.119999999999999574e+01 2.615250434618892061e+00 6.276601043085340947e+00 1.498174456176125929e+44
