8.000000000000000000e+00 2.965526385957034883e+00 2.965526385957034883e+00 2.949364267153568716e+43
8.099999999999999645e+00 3.490576218974375866e+00 3.490576218974375866e+00 3.471552578580965254e+43
8.199999999999999289e+00 3.992160101952909379e+00 3.992160101952909379e+00 3.970402829397265494e+43
8.299999999999998934e+00 4.527376979266097834e+00 4.527376979266097834e+00 4.502702774729096965e+43
8.399999999999998579e+00 5.041509777229976841e+00 5.041509777229976841e+00 5.014033548944072901e+43
8.499999999999998224e+00 5.687377944962623388e+00 5.687377944962623388e+00 5.656381735162576623e+43
8.599999999999997868e+00 6.344998378434638653e+00 6.344998378434638653e+00 6.310418137272169595e+43
8.699999999999997513e+00 7.147797348902170889e+00 7.147797348902170889e+00 7.108841853350653429e+43
8.799999999999997158e+00 7.806543688099389477e+00 7.806543688099389477e+00 7.763998024999247092e+43
8.899999999999996803e+00 8.751530791339721560e+00 8.751530791339721560e+00 8.703834948526919258e+43
8.999999999999996447e+00 8.756780222643858025e+00 8.756780222643858025e+00 8.709055770430448324e+43
9.099999999999996092e+00 1.000323045198717153e+01 1.000323045198717153e+01 9.948712846023839922e+43
9.199999999999995737e+00 1.111808014868973160e+01 1.111808014868973160e+01 1.105748661187937132e+44
9.299999999999995381e+00 1.208835370826650291e+01 1.208835370826650291e+01 1.202247218055644918e+44
9.399999999999995026e+00 1.268917819016913384e+01 1.268917819016913384e+01 1.262002216903271099e+44
9.499999999999994671e+00 1.370536306606501498e+01 1.370536306606501498e+01 1.363066883735496004e+44
9.599999999999994316e+00 1.475036441788815011e+01 1.475036441788815011e+01 1.466997493181065755e+44
9.699999999999993960e+00 1.481716059003400687e+01 1.481716059003400687e+01 1.473640706481832031e+44
