7.000000000000000000e+00 7.780307496605669826e+01 1.400455349389020512e+02 2.506293929284972240e+45
7.099999999999999645e+00 7.686598176543124339e+01 1.383587671777762296e+02 2.476107063265519043e+45
7.199999999999999289e+00 7.531729780227914262e+01 1.355711360441024738e+02 2.426218839478445499e+45
7.299999999999998934e+00 7.311880879740377281e+01 1.316138558353268024e+02 2.355398249817654077e+45
7.399999999999998579e+00 7.042042317935090523e+01 1.267567617228316266e+02 2.268474339723531667e+45
7.499999999999998224e+00 6.737684965367843404e+01 1.212783293766211870e+02 2.170430787408236973e+45
7.599999999999997868e+00 6.403234089153463060e+01 1.152582136047623322e+02 2.062693117519760306e+45
7.699999999999997513e+00 6.053304323025130174e+01 1.089594778144523417e+02 1.949969186119083363e+45
7.799999999999997158e+00 5.707170226240306476e+01 1.027290640723255137e+02 1.838467965136646461e+45
7.899999999999996803e+00 5.705897784259875039e+01 1.027061601166777507e+02 1.838058069562170111e+45
