1.050000000000000000e+01 6.365974844560686563e+01 1.273194968912137313e+02 2.532512112663132198e+45
1.059999999999999964e+01 6.415407736384264581e+01 1.283081547276852916e+02 2.552177505688387982e+45
1.069999999999999929e+01 6.451533562972247182e+01 1.290306712594449436e+02 2.566549082021619012e+45
1.079999999999999893e+01 6.480934742816775440e+01 1.296186948563355088e+02 2.578245459387369521e+45
1.089999999999999858e+01 6.487883535881071850e+01 1.297576707176214370e+02 2.581009828244207841e+45
1.099999999999999822e+01 6.486567627242959588e+01 1.297313525448591918e+02 2.580486333469794091e+45
1.109999999999999787e+01 6.470750100499478208e+01 1.294150020099895642e+02 2.574193804980702244e+45
1.119999999999999751e+01 6.440826321704690827e+01 1.288165264340938165e+02 2.562289527300559743e+45
1.129999999999999716e+01 6.391332935310722974e+01 1.278266587062144595e+02 2.542600068325311569e+45
1.139999999999999680e+01 6.327814787626432746e+01 1.265562957525286549e+02 2.517331278813547389e+45
1.149999999999999645e+01 6.246974927411038436e+01 1.249394985482207687e+02 2.485171565622659099e+45
