6.000000000000000000e+00 2.211742111117551701e+00 3.317613166676327552e+00 4.947744164653503187e+43
6.099999999999999645e+00 3.151666221266669066e+00 4.727499331900003376e+00 7.050387148132991703e+43
6.199999999999999289e+00 4.408672061837030753e+00 6.613008092755546130e+00 9.862353010407442479e+43
6.299999999999998934e+00 6.026445543035487518e+00 9.039668314553232165e+00 1.348136865472521967e+44
6.399999999999998579e+00 8.071855934122112330e+00 1.210778390118316850e+01 1.805702296629726790e+44
6.499999999999998224e+00 1.056519906448852630e+01 1.584779859673279034e+01 2.363471842262511027e+44
6.599999999999997868e+00 1.347456247043110267e+01 2.021184370564665400e+01 3.014306573050153055e+44
6.699999999999997513e+00 1.688456920557595708e+01 2.532685380836393563e+01 3.777136960934618938e+44
6.799999999999997158e+00 1.687635086533230222e+01 2.531452629799845511e+01 3.775298489587562448e+44
6.899999999999996803e+00 2.072621993893321957e+01 3.108932990839982935e+01 4.636527615164243734e+44
