1.100000000000000000e+01 1.130535181474235884e+01 1.695802772211353826e+01 2.529840970654202695e+44
1.109999999999999964e+01 1.240917756745502487e+01 1.861376635118253731e+01 2.776848198685289001e+44
1.119999999999999929e+01 1.241727648091998759e+01 1.862591472137998139e+01 2.778660522922268735e+44
1.129999999999999893e+01 1.349144350435554607e+01 2.023716525653331999e+01 3.019030905882781742e+44
1.139999999999999858e+01 1.457735070494372387e+01 2.186602605741558492e+01 3.262028432310400567e+44
1.149999999999999822e+01 1.560869189867144691e+01 2.341303784800717125e+01 3.492815518760329220e+44
1.159999999999999787e+01 1.657966266487141382e+01 2.486949399730712074e+01 3.710093288253269389e+44
1.169999999999999751e+01 1.746947872416625103e+01 2.620421808624937654e+01 3.909210764651898006e+44
1.179999999999999716e+01 1.827978870504556141e+01 2.741968305756834212e+01 4.090536867735689331e+44
1.189999999999999680e+01 1.897343074441113231e+01 2.846014611661669846e+01 4.245755748042170352e+44
1.199999999999999645e+01 1.956617752854179315e+01 2.934926629281268973e+01 4.378396918727529148e+44
