1.250000000000000000e+01 6.031201091531504233e+01 9.046801637297255638e+01 1.349624485256097754e+45
1.259999999999999964e+01 5.413751612122530332e+01 8.120627418183795498e+01 1.211455499813203961e+45
1.269999999999999929e+01 4.796569725885782987e+01 7.194854588828674480e+01 1.073346394697933662e+45
1.279999999999999893e+01 4.201437091754253572e+01 6.302155637631380358e+01 9.401713334109432273e+44
1.289999999999999858e+01 3.635412834335714649e+01 5.453119251503571974e+01 8.135099627374316001e+44
1.299999999999999822e+01 3.113301371113195870e+01 4.669952056669794160e+01 6.966751226941415114e+44
1.309999999999999787e+01 2.634555439123485243e+01 3.951833158685227687e+01 5.895443501955589386e+44
1.319999999999999751e+01 2.211226503499477403e+01 3.316839755249215926e+01 4.948144467874661830e+44
1.329999999999999716e+01 1.835418775132064440e+01 2.753128162698096659e+01 4.107185421317087782e+44
1.339999999999999680e+01 1.832931108154124189e+01 2.749396662231186284e+01 4.101618675633039169e+44
1.349999999999999645e+01 1.503993785245884141e+01 2.255990677868826211e+01 3.365543293011661638e+44
