1.250000000000000000e+01 1.558764671675402269e+02 3.928086972622013491e+02 9.841739511704826318e+45
1.259999999999999964e+01 1.469716920452094655e+02 3.703686639539278644e+02 9.279509184338653367e+45
1.269999999999999929e+01 1.382103439130288507e+02 3.482900666608326787e+02 8.726334560515518315e+45
1.279999999999999893e+01 1.297306910623894112e+02 3.269213414772213468e+02 8.190945633487942108e+45
1.289999999999999858e+01 1.213128373729849727e+02 3.057083501799221494e+02 7.659458586314127494e+45
1.299999999999999822e+01 1.130727848356603715e+02 2.849434177858641419e+02 7.139197560973166819e+45
1.309999999999999787e+01 1.048864049363579056e+02 2.643137404396219381e+02 6.622325322483220188e+45
1.319999999999999751e+01 9.676990505905834539e+01 2.438601607488270417e+02 6.109865173811074675e+45
1.329999999999999716e+01 8.863807076401457152e+01 2.233679383253167146e+02 5.596436839576704451e+45
1.339999999999999680e+01 0.0e+00 0.000000000000000000e+00 0.0e+00
