1.250000000000000000e+01 1.661757802106147963e+01 2.492636703159222122e+01 3.718577749690506013e+44
1.259999999999999964e+01 1.581434343122622010e+01 2.372151514683933016e+01 3.538834933393358430e+44
1.269999999999999929e+01 1.505715133450460641e+01 2.258572700175690784e+01 3.369395218439599475e+44
1.279999999999999893e+01 1.433202585239967419e+01 2.149803877859951129e+01 3.207131170088421545e+44
1.289999999999999858e+01 1.388715058200271280e+01 2.083072587300407008e+01 3.107579762549429261e+44
1.299999999999999822e+01 1.321560117008361601e+01 1.982340175512542402e+01 2.957304632333998272e+44
1.309999999999999787e+01 1.259833148223120602e+01 1.889749722334681081e+01 2.819175879521934826e+44
1.319999999999999751e+01 1.191691052177568722e+01 1.787536578266352905e+01 2.666691755872201992e+44
1.329999999999999716e+01 1.124794468235031530e+01 1.687191702352547296e+01 2.516994761362088692e+44
1.339999999999999680e+01 1.058528332125238691e+01 1.587792498187858037e+01 2.368708543609101085e+44
1.349999999999999645e+01 9.980016290746551277e+00 1.497002443611982692e+01 2.233265670441445786e+44
