1.300000000000000000e+01 1.333920856017903667e+01 2.534449626434016878e+01 4.789210064342907559e+44
1.309999999999999964e+01 1.267348179107420947e+01 2.407961540304099657e+01 4.550192484827939970e+44
1.319999999999999929e+01 1.203257238951498209e+01 2.286188754007846313e+01 4.320085148067156157e+44
1.329999999999999893e+01 1.138823151963762470e+01 2.163763988731148658e+01 4.088745802485871427e+44
1.339999999999999858e+01 1.138977562645247588e+01 2.164057369025970345e+01 4.089300187093079968e+44
1.349999999999999822e+01 1.073612262596807554e+01 2.039863298933934388e+01 3.854617483514014148e+44
1.359999999999999787e+01 1.008204787619916232e+01 1.915589096477840769e+01 3.619783358213869174e+44
1.369999999999999751e+01 9.424548213831304366e+00 1.790664160627947865e+01 3.383719577809798455e+44
1.379999999999999716e+01 8.767073143231787213e+00 1.665743897214039393e+01 3.147664626651023662e+44
1.389999999999999680e+01 8.094514125517454417e+00 1.537957683848316215e+01 2.906194047495551426e+44
1.399999999999999645e+01 7.412767253474703111e+00 1.408425778160193609e+01 2.661424729571518968e+44
