6.000000000000000000e+00 7.939208069288573810e+00 3.175683227715429524e+01 1.263350301649752080e+45
6.099999999999999645e+00 8.323774381810849832e+00 3.329509752724339933e+01 1.324545569828796741e+45
6.199999999999999289e+00 8.707184228992360886e+00 3.482873691596944354e+01 1.385556811991096311e+45
6.299999999999998934e+00 9.095262855783911249e+00 3.638105142313564500e+01 1.447310987715182102e+45
6.399999999999998579e+00 9.497195073293259071e+00 3.798878029317303628e+01 1.511269657623009679e+45
6.499999999999998224e+00 9.911743741935520546e+00 3.964697496774208219e+01 1.577235958166715377e+45
6.599999999999997868e+00 1.035627317324769336e+01 4.142509269299077346e+01 1.647973037512558698e+45
6.699999999999997513e+00 1.080425857237677434e+01 4.321703428950709736e+01 1.719260058105171254e+45
6.799999999999997158e+00 1.080342370149171316e+01 4.321369480596685264e+01 1.719127206770973258e+45
6.899999999999996803e+00 1.125090929964125053e+01 4.500363719856500211e+01 1.790334695033312808e+45
6.999999999999996447e+00 1.171866680581227627e+01 4.687466722324910506e+01 1.864768011475295832e+45
7.099999999999996092e+00 1.222583179870768610e+01 4.890332719483074442e+01 1.945472162464756616e+45
7.199999999999995737e+00 1.274972982156156576e+01 5.099891928624626303e+01 2.028839007045448815e+45
7.299999999999995381e+00 1.325373272273320069e+01 5.301493089093280275e+01 2.109039980703088609e+45
7.399999999999995026e+00 1.373521246215955216e+01 5.494084984863820864e+01 2.185656888678525050e+45
7.499999999999994671e+00 1.417927518350716731e+01 5.671710073402866925e+01 2.256319701401128453e+45
7.599999999999994316e+00 1.460619714554644410e+01 5.842478858218577642e+01 2.324254939376514317e+45
7.699999999999993960e+00 1.503160285170170773e+01 6.012641140680683094e+01 2.391948898585589123e+45
7.799999999999993605e+00 1.540356074751401572e+01 6.161424299005606287e+01 2.451137814630410169e+45
7.899999999999993250e+00 1.540433454775515543e+01 6.161733819102062171e+01 2.451260947915182072e+45
7.999999999999992895e+00 1.576419226998926248e+01 6.305676907995704994e+01 2.508524387538851030e+45
