6.000000000000000000e+00 2.209670103975511779e+00 3.314505155963267669e+00 4.944661654294901283e+43
6.099999999999999645e+00 3.156070020673404475e+00 4.734105031010106934e+00 7.062456237886651397e+43
6.199999999999999289e+00 4.401355076676999545e+00 6.602032615015499317e+00 9.849077305895496184e+43
6.299999999999998934e+00 6.043147081488668526e+00 9.064720622233002345e+00 1.352297684226274890e+44
6.399999999999998579e+00 8.074870076007620412e+00 1.211230511401143062e+01 1.806943957671010048e+44
6.499999999999998224e+00 1.056750667476792671e+01 1.585126001215189007e+01 2.364730596762849224e+44
6.599999999999997868e+00 1.345113333003211586e+01 2.017669999504817469e+01 3.010010547011274056e+44
6.699999999999997513e+00 1.685553273454121026e+01 2.528329910181181361e+01 3.771825768256040940e+44
6.799999999999997158e+00 1.684188989833644357e+01 2.526283484750466357e+01 3.768772859637864271e+44
6.899999999999996803e+00 2.067202918293250136e+01 3.100804377439875026e+01 4.625857490374241273e+44
6.999999999999996447e+00 2.501300292640597789e+01 3.751950438960896861e+01 5.597253463602839187e+44
