6.000000000000000000e+00 2.437191707682853234e+02 4.874383415365706469e+02 9.695636051503926376e+45
6.099999999999999645e+00 2.635087983519190971e+02 5.270175967038381941e+02 1.048290701603604478e+46
6.199999999999999289e+00 2.838908166137975968e+02 5.677816332275951936e+02 1.129374446653009525e+46
6.299999999999998934e+00 3.047721931320593285e+02 6.095443862641186570e+02 1.212444738717958395e+46
6.399999999999998579e+00 3.258899231496837388e+02 6.517798462993674775e+02 1.296455292274071657e+46
6.499999999999998224e+00 3.468584577028502167e+02 6.937169154057004334e+02 1.379872316433478635e+46
6.599999999999997868e+00 3.676842445605551006e+02 7.353684891211102013e+02 1.462721461710800194e+46
6.699999999999997513e+00 3.875851108255794770e+02 7.751702216511589540e+02 1.541891087886320171e+46
6.799999999999997158e+00 3.875335695662483886e+02 7.750671391324967772e+02 1.541686046448449088e+46
6.899999999999996803e+00 4.067165765840913991e+02 8.134331531681827983e+02 1.617999884966832175e+46
6.999999999999996447e+00 4.247454220553839832e+02 8.494908441107679664e+02 1.689722238020728429e+46
7.099999999999996092e+00 4.415976231746646476e+02 8.831952463493292953e+02 1.756763664513450683e+46
7.199999999999995737e+00 4.572080674938101197e+02 9.144161349876202394e+02 1.818865134103875173e+46
7.299999999999995381e+00 4.712651085866115181e+02 9.425302171732230363e+02 1.874786854979257683e+46
7.399999999999995026e+00 4.838967492452167676e+02 9.677934984904335352e+02 1.925038047847321152e+46
7.499999999999994671e+00 4.953929892271823974e+02 9.907859784543647947e+02 1.970772389743576957e+46
7.599999999999994316e+00 5.058927955869617676e+02 1.011785591173923535e+03 2.012542719404051212e+46
7.699999999999993960e+00 5.152444527079802583e+02 1.030488905415960517e+03 2.049745481762887021e+46
7.799999999999993605e+00 5.233804523764781607e+02 1.046760904752956321e+03 2.082112115644105145e+46
7.899999999999993250e+00 5.234649092189649764e+02 1.046929818437929953e+03 2.082448101854886300e+46
7.999999999999992895e+00 5.307865159477081534e+02 1.061573031895416307e+03 2.111574917743172499e+46
