8.000000000000000000e+00 1.470450272960549576e+01 2.940900545921099152e+01 5.849745275891657808e+44
8.099999999999999645e+00 1.604448940673034230e+01 3.208897881346068459e+01 6.382818775785464452e+44
8.199999999999999289e+00 1.752056925414974842e+01 3.504113850829949683e+01 6.970032860685852411e+44
8.299999999999998934e+00 1.906935334657039149e+01 3.813870669314078299e+01 7.586170148332632024e+44
8.399999999999998579e+00 2.075497048862921901e+01 4.150994097725843801e+01 8.256742359786475873e+44
8.499999999999998224e+00 2.249697392185406386e+01 4.499394784370812772e+01 8.949746165591983154e+44
8.599999999999997868e+00 2.429380066492793944e+01 4.858760132985587887e+01 9.664559780521631623e+44
8.699999999999997513e+00 2.620969644672186760e+01 5.241939289344373520e+01 1.042674144043489302e+45
8.799999999999997158e+00 2.818712449403151510e+01 5.637424898806303020e+01 1.121340186621561574e+45
8.899999999999996803e+00 3.018152976373039209e+01 6.036305952746078418e+01 1.200681617060722433e+45
8.999999999999996447e+00 3.019078757100999866e+01 6.038157514201999732e+01 1.201049911149919599e+45
9.099999999999996092e+00 3.220540144330593080e+01 6.441080288661186160e+01 1.281195280217596432e+45
9.199999999999995737e+00 3.423059387085531569e+01 6.846118774171063137e+01 1.361761485370366098e+45
9.299999999999995381e+00 3.627409309980571095e+01 7.254818619961142190e+01 1.443055971696470805e+45
9.399999999999995026e+00 3.834694601818654291e+01 7.669389203637308583e+01 1.525518206495496778e+45
9.499999999999994671e+00 4.041982065613295561e+01 8.083964131226591121e+01 1.607981305342281031e+45
9.599999999999994316e+00 4.255863001304147986e+01 8.511726002608295971e+01 1.693067419178815957e+45
9.699999999999993960e+00 4.452808294241779663e+01 8.905616588483559326e+01 1.771416195615264529e+45
