7.000000000000000000e+00 1.329405240999484761e+01 4.254096771198351234e+01 1.353891822014502575e+45
7.099999999999999645e+00 1.330769206772750302e+01 4.258461461672801107e+01 1.355280910946139065e+45
7.199999999999999289e+00 1.336941302686368083e+01 4.278212168596378007e+01 1.361566691928808967e+45
7.299999999999998934e+00 1.341652964228306288e+01 4.293289485530580407e+01 1.366365138507020352e+45
7.399999999999998579e+00 1.344673139065441347e+01 4.302954045009412454e+01 1.369440942548515584e+45
7.499999999999998224e+00 1.344241512424676799e+01 4.301572839758966182e+01 1.369001365690329509e+45
7.599999999999997868e+00 1.340904826050353904e+01 4.290895443361132777e+01 1.365603220222340803e+45
7.699999999999997513e+00 1.335297554365208050e+01 4.272952173968666045e+01 1.359892667078571718e+45
7.799999999999997158e+00 1.326707889769771853e+01 4.245465247263270214e+01 1.351144787733019360e+45
7.899999999999996803e+00 1.327031833048910059e+01 4.246501865756512473e+01 1.351474697788204674e+45
7.999999999999996447e+00 1.316323465708590135e+01 4.212235090267488857e+01 1.340569090888169987e+45
