1.250000000000000000e+01 6.141418561797116382e+01 9.334956213931617697e+01 1.410737151034240232e+45
1.259999999999999964e+01 5.524453320612003893e+01 8.397169047330245917e+01 1.269014879888150694e+45
1.269999999999999929e+01 4.899665919022392302e+01 7.447492196914036811e+01 1.125495790600952988e+45
1.279999999999999893e+01 4.284409496973279374e+01 6.512302435399384137e+01 9.841660500429181295e+44
1.289999999999999858e+01 3.713188017855947010e+01 5.644045787141039483e+01 8.529515180987311002e+44
1.299999999999999822e+01 3.174527176050057165e+01 4.825281307596087288e+01 7.292164471706587570e+44
1.309999999999999787e+01 2.688037445189175401e+01 4.085816916687547007e+01 6.174655332708470516e+44
1.319999999999999751e+01 2.252387371571505525e+01 3.423628804788688740e+01 5.173929299270022983e+44
1.329999999999999716e+01 1.862091060901663297e+01 2.830378412570528113e+01 4.277384796020225630e+44
1.339999999999999680e+01 0.00e+00 0.00e+00 0.00e+00 
