8.000000000000000000e+00 1.545784255736469390e+02 4.637352767209408171e+02 1.383623758388434797e+46
8.099999999999999645e+00 1.554972747881808743e+02 4.664918243645425946e+02 1.391848331765267398e+46
8.199999999999999289e+00 1.561583550186122693e+02 4.684750650558368079e+02 1.397765627853847435e+46
8.299999999999998934e+00 1.564203137636960719e+02 4.692609412910882156e+02 1.400110407483155058e+46
8.399999999999998579e+00 1.564601286968010925e+02 4.693803860904032490e+02 1.400466788958631568e+46
8.499999999999998224e+00 1.561722246103613259e+02 4.685166738310839492e+02 1.397889773876113505e+46
8.599999999999997868e+00 1.555563395552029533e+02 4.666690186656088599e+02 1.392377017541643849e+46
8.699999999999997513e+00 1.546037773185474293e+02 4.638113319556422880e+02 1.383850680589452031e+46
8.799999999999997158e+00 1.533371040024025831e+02 4.600113120072077209e+02 1.372512751070305200e+46
8.899999999999996803e+00 1.516678553791532522e+02 4.550035661374597566e+02 1.357571390106031806e+46
8.999999999999996447e+00 1.496828208576614827e+02 4.490484625729844765e+02 1.339803445355884916e+46
9.099999999999996092e+00 1.473982398648009280e+02 4.421947195944027840e+02 1.319354275117839601e+46
9.199999999999995737e+00 1.446933820799039836e+02 4.340801462397119508e+02 1.295143228328116548e+46
9.299999999999995381e+00 1.416346744275601850e+02 4.249040232826805550e+02 1.267764889067369859e+46
9.399999999999995026e+00 1.382794651279437517e+02 4.148383953838312550e+02 1.237732578386968091e+46
9.499999999999994671e+00 1.345461296947280516e+02 4.036383890841841549e+02 1.204315679591026022e+46
