6.000000000000000000e+00 5.829235430789157135e+01 1.165847086157831427e+02 2.318258268868458254e+45
6.099999999999999645e+00 6.282495607689074291e+01 1.256499121537814858e+02 2.498517612571918951e+45
6.199999999999999289e+00 6.738680049779486581e+01 1.347736009955897316e+02 2.679939922163225517e+45
6.299999999999998934e+00 7.206730982641303740e+01 1.441346196528260748e+02 2.866081476787586727e+45
6.399999999999998579e+00 7.690650735401354154e+01 1.538130147080270831e+02 3.058533983059561536e+45
6.499999999999998224e+00 8.188404374025219568e+01 1.637680874805043914e+02 3.256488157719294218e+45
6.599999999999997868e+00 8.702031618871330920e+01 1.740406323774266184e+02 3.460755187524165300e+45
6.699999999999997513e+00 9.243178520792008612e+01 1.848635704158401722e+02 3.675966649635299742e+45
6.799999999999997158e+00 9.245181864455659593e+01 1.849036372891131919e+02 3.676763369560028317e+45
6.899999999999996803e+00 9.803030894417933894e+01 1.960606178883586779e+02 3.898617185870071197e+45
6.999999999999996447e+00 1.037184072634115495e+02 2.074368145268230990e+02 4.124830059226460033e+45
7.099999999999996092e+00 1.095415538706691905e+02 2.190831077413383809e+02 4.356413736595291327e+45
7.199999999999995737e+00 1.152835657754863661e+02 2.305671315509727322e+02 4.584770726741448854e+45
7.299999999999995381e+00 1.207987250067226768e+02 2.415974500134453535e+02 4.804105897601221450e+45
7.399999999999995026e+00 1.258988682180687988e+02 2.517977364361375976e+02 5.006936085410531298e+45
7.499999999999994671e+00 1.306436694836632171e+02 2.612873389673264342e+02 5.195634498756527222e+45
7.599999999999994316e+00 1.348289992905036172e+02 2.696579985810072344e+02 5.362083007276209047e+45
7.699999999999993960e+00 1.384693798502588891e+02 2.769387597005177781e+02 5.506859152187174387e+45
7.799999999999993605e+00 1.413187434789745680e+02 2.826374869579491360e+02 5.620176942688370451e+45
7.899999999999993250e+00 1.414229366383188449e+02 2.828458732766376897e+02 5.624320653404420819e+45
