9.800000000000000711e+00 7.201510029840379445e+01 1.800377507460094932e+02 4.476413625111093245e+45
9.900000000000000355e+00 6.742356238722882722e+01 1.685589059680720538e+02 4.191006498263651546e+45
1.000000000000000000e+01 6.297273042722586922e+01 1.574318260680646802e+02 3.914345565399842472e+45
1.009999999999999964e+01 6.293076746908377572e+01 1.573269186727094393e+02 3.911737174148578709e+45
1.019999999999999929e+01 5.850771653671057493e+01 1.462692913417764373e+02 3.636803092599093984e+45
1.029999999999999893e+01 5.415790300063136442e+01 1.353947575015783968e+02 3.366421401829870284e+45
1.039999999999999858e+01 4.984689369407416848e+01 1.246172342351854212e+02 3.098451757715091209e+45
1.049999999999999822e+01 4.550347055092299797e+01 1.137586763773074949e+02 2.828467289776278858e+45
1.059999999999999787e+01 4.133730668999337610e+01 1.033432667249834367e+02 2.569501148033306851e+45
1.069999999999999751e+01 3.711429402490025353e+01 9.278573506225063738e+01 2.307001320154033965e+45
1.079999999999999716e+01 3.294841536792768721e+01 8.237103841981921448e+01 2.048052906510779780e+45
1.089999999999999680e+01 2.879033185115660842e+01 7.197582962789152816e+01 1.789589033910487612e+45
1.099999999999999645e+01 2.480031402499062665e+01 6.200078506247656662e+01 1.541572019597151458e+45
