6.000000000000000000e+00 1.152767311668281422e+02 2.305534623336562845e+02 4.585938919278756576e+45
6.099999999999999645e+00 1.232410051558174189e+02 2.464820103116348378e+02 4.902773667108728300e+45
6.199999999999999289e+00 1.312193943991594267e+02 2.624387887983188534e+02 5.220169947987360098e+45
6.299999999999998934e+00 1.391646059741504189e+02 2.783292119483008378e+02 5.536246354863651404e+45
6.399999999999998579e+00 1.470845364803233508e+02 2.941690729606467016e+02 5.851317030260222947e+45
6.499999999999998224e+00 1.547970216749035615e+02 3.095940433498071229e+02 6.158135116271012873e+45
6.599999999999997868e+00 1.623582090684447223e+02 3.247164181368894447e+02 6.458934273160867663e+45
6.699999999999997513e+00 1.696812101501531913e+02 3.393624203003063826e+02 6.750257902193394048e+45
6.799999999999997158e+00 1.696881064075738550e+02 3.393762128151477100e+02 6.750532249106102780e+45
6.899999999999996803e+00 1.767369858838366667e+02 3.534739717676733335e+02 7.030950772430789780e+45
6.999999999999996447e+00 1.835089451468449795e+02 3.670178902936899590e+02 7.300352855831786765e+45
7.099999999999996092e+00 1.898953851669760695e+02 3.797907703339521390e+02 7.554418212712640883e+45
7.199999999999995737e+00 1.960126001357286327e+02 3.920252002714572654e+02 7.797773258599556349e+45
7.299999999999995381e+00 2.017175932543902093e+02 4.034351865087804185e+02 8.024729294846150464e+45
7.399999999999995026e+00 2.070486163727113080e+02 4.140972327454226161e+02 8.236808056539200888e+45
7.499999999999994671e+00 2.120363850476103664e+02 4.240727700952207329e+02 8.435231469964035375e+45
7.599999999999994316e+00 2.166489573780545470e+02 4.332979147561090940e+02 8.618728822413765305e+45
7.699999999999993960e+00 2.208173233215764810e+02 4.416346466431529620e+02 8.784554756378954657e+45
7.799999999999993605e+00 2.245589802357035296e+02 4.491179604714070592e+02 8.933405351736757641e+45
7.899999999999993250e+00 2.245997017725441935e+02 4.491994035450883871e+02 8.935025335915352427e+45
7.999999999999992895e+00 2.280159377630874928e+02 4.560318755261749857e+02 9.070930036091146355e+45
