1.019999999999999929e+01 6.133310608162637401e+00 9.801030351843893484e+00 1.557668834880929617e+44
1.029999999999999893e+01 5.449261983781742202e+00 8.707920650083222469e+00 1.383941904709934852e+44
1.039999999999999858e+01 4.831122898734473203e+00 7.720134392177687488e+00 1.226953933626502780e+44
1.049999999999999822e+01 4.248931317706921895e+00 6.789792245695660533e+00 1.079095502897467550e+44
1.059999999999999787e+01 3.717708934494531103e+00 5.940898877322259963e+00 9.441816523548482332e+43
1.069999999999999751e+01 3.241752230809601620e+00 5.180320064833742855e+00 8.233035538127676064e+43
1.079999999999999716e+01 2.816538897850900725e+00 4.500829158765738747e+00 7.153126824481042971e+43
1.089999999999999680e+01 2.431952258101111042e+00 3.886259708445575001e+00 6.176397189669205126e+43
1.099999999999999645e+01 2.107294735955822063e+00 3.367456988057403233e+00 5.351868747261039338e+43
1.109999999999999609e+01 1.849320675675897530e+00 2.955214439730084131e+00 4.696695416611620751e+43
7.999999999999996447e+00 1.473711683844816207e+02 4.715877388303412090e+02 1.500856274091890820e+46
