9.800000000000000711e+00 3.680830336363099065e+01 6.441453088635422830e+01 1.121110754627912874e+45
9.900000000000000355e+00 3.354045171903412381e+01 5.869579050830971312e+01 1.021578222875689856e+45
1.000000000000000000e+01 3.020424826035118571e+01 5.285743445561457321e+01 9.199638251620507599e+44
1.009999999999999964e+01 3.019901854554605336e+01 5.284828245470559693e+01 9.198045380182303348e+44
1.019999999999999929e+01 2.677159556751705338e+01 4.685029224315483987e+01 8.154117676325188128e+44
1.029999999999999893e+01 2.323705236473024627e+01 4.066484163827793452e+01 7.077563193986130363e+44
1.039999999999999858e+01 1.975895204652649539e+01 3.457816608142136516e+01 6.018200138348583261e+44
1.049999999999999822e+01 1.650773231421223741e+01 2.888853154987141636e+01 5.027940584261807567e+44
1.059999999999999787e+01 1.341217019628465579e+01 2.347129784349814940e+01 4.085091372293939551e+44
1.069999999999999751e+01 1.064305487326896227e+01 1.862534602822068308e+01 3.241671631164203530e+44
1.079999999999999716e+01 8.114743977186021695e+00 1.420080196007553752e+01 2.471596328143796666e+44
1.089999999999999680e+01 6.009237338424657793e+00 1.051616534224315203e+01 1.830299142197387092e+44
1.099999999999999645e+01 4.251538575431254685e+00 7.440192507004695699e+00 1.294937605122265941e+44
