7.000000000000000000e+00 4.531762364491329187e+00 8.157172256084392004e+00 1.460288820111971918e+44
7.099999999999999645e+00 4.490778182843105704e+00 8.083400729117590444e+00 1.447082315125901861e+44
7.199999999999999289e+00 4.443591307457648298e+00 7.998464353423766937e+00 1.431877090085569303e+44
7.299999999999998934e+00 4.389890814322997770e+00 7.901803465781395808e+00 1.414572954640719649e+44
7.399999999999998579e+00 4.323081016585208047e+00 7.781545829853374840e+00 1.393044552914521242e+44
7.499999999999998224e+00 4.254199670991947180e+00 7.657559407785504924e+00 1.370848627622353368e+44
7.599999999999997868e+00 4.181997014467480511e+00 7.527594626041465453e+00 1.347582462359317077e+44
7.699999999999997513e+00 4.103466549294754628e+00 7.386239788730558864e+00 1.322277260738755716e+44
7.799999999999997158e+00 4.025688462525446099e+00 7.246239232545803155e+00 1.297214501171117185e+44
7.899999999999996803e+00 3.947376068412599359e+00 7.105276923142678669e+00 1.271979569504079151e+44
7.999999999999996447e+00 3.787118504189061152e+00 6.816813307540310340e+00 1.220339101502558730e+44
