1.050000000000000000e+01 1.280221733880921420e+02 5.120886935523685679e+02 2.037191240690032530e+46
1.059999999999999964e+01 1.273520281010871287e+02 5.094081124043485147e+02 2.026527352766979029e+46
1.069999999999999929e+01 1.266612139844233127e+02 5.066448559376932508e+02 2.015534565891331206e+46
1.079999999999999893e+01 1.258088589288882133e+02 5.032354357155528533e+02 2.001971210363612237e+46
1.089999999999999858e+01 1.249043262717956964e+02 4.996173050871827854e+02 1.987577563097830402e+46
1.099999999999999822e+01 1.240406425836791584e+02 4.961625703347166336e+02 1.973833937305569475e+46
1.109999999999999787e+01 1.230135473371638284e+02 4.920541893486553136e+02 1.957489976066820305e+46
1.119999999999999751e+01 1.219296203271846935e+02 4.877184813087387738e+02 1.940241662342424343e+46
1.129999999999999716e+01 1.207893929355576574e+02 4.831575717422306298e+02 1.922097451904941812e+46
1.139999999999999680e+01 1.196379536753746891e+02 4.785518147014987562e+02 1.903774829245502143e+46
1.149999999999999645e+01 1.184156752377830202e+02 4.736627009511320807e+02 1.884324956923793478e+46
