7.000000000000000000e+00 1.344715351294549599e+01 4.034146053883648619e+01 1.203270037504653139e+45
7.099999999999999645e+00 1.367358409969594213e+01 4.102075229908782461e+01 1.223531361981176675e+45
7.199999999999999289e+00 1.389589224666120870e+01 4.168767673998362966e+01 1.243423804800318106e+45
7.299999999999998934e+00 1.409705063194346941e+01 4.229115189583041001e+01 1.261423737467848451e+45
7.399999999999998579e+00 1.430405944217401881e+01 4.291217832652205288e+01 1.279947174313431326e+45
7.499999999999998224e+00 1.449373010822524677e+01 4.348119032467573675e+01 1.296919169853846798e+45
7.599999999999997868e+00 1.465406205197863798e+01 4.396218615593591039e+01 1.311265895633961772e+45
7.699999999999997513e+00 1.479626304330751552e+01 4.438878912992254300e+01 1.323990238522200124e+45
7.799999999999997158e+00 1.492441413636713676e+01 4.477324240910141384e+01 1.335457376932099841e+45
7.899999999999996803e+00 1.492423558077165957e+01 4.477270674231498049e+01 1.335441399528565096e+45
