8.000000000000000000e+00 2.546091031231061663e+02 1.018436412492424665e+03 4.051543736177363491e+46
8.099999999999999645e+00 2.556750803986488734e+02 1.022700321594595493e+03 4.068506419367619252e+46
8.199999999999999289e+00 2.563126957083018169e+02 1.025250782833207268e+03 4.078652664267064941e+46
8.299999999999998934e+00 2.564730406282387776e+02 1.025892162512955110e+03 4.081204200909037686e+46
8.399999999999998579e+00 2.563022272465586298e+02 1.025208908986234519e+03 4.078486081729037932e+46
8.499999999999998224e+00 2.557763018313522991e+02 1.023105207325409197e+03 4.070117135781942779e+46
8.599999999999997868e+00 2.548860875251590983e+02 1.019544350100636393e+03 4.055951333570351129e+46
8.699999999999997513e+00 2.536472808688298528e+02 1.014589123475319411e+03 4.036238451009515363e+46
8.799999999999997158e+00 2.519948924560227681e+02 1.007979569824091072e+03 4.009944324674198635e+46
8.899999999999996803e+00 2.500153203387710334e+02 1.000061281355084134e+03 3.978443789486795464e+46
8.999999999999996447e+00 2.500557308570558348e+02 1.000222923428223339e+03 3.979086833982157647e+46
9.099999999999996092e+00 2.477067982305719340e+02 9.908271929222877361e+02 3.941708738883444902e+46
9.199999999999995737e+00 2.449915356150540617e+02 9.799661424602162469e+02 3.898501307935231988e+46
9.299999999999995381e+00 2.419734728618033159e+02 9.678938914472132637e+02 3.850475478955303359e+46
9.399999999999995026e+00 2.385439812480302351e+02 9.541759249921209403e+02 3.795902664803655213e+46
9.499999999999994671e+00 2.348135025717740234e+02 9.392540102870960936e+02 3.736540303724125461e+46
