6.000000000000000000e+00 2.367774727153769376e+01 2.367774727153769376e+01 2.354870354890781064e+44
6.099999999999999645e+00 2.691419087923252107e+01 2.691419087923252107e+01 2.676750853894070161e+44
6.199999999999999289e+00 3.009833733395079491e+01 3.009833733395079491e+01 2.993430139548076096e+44
6.299999999999998934e+00 3.319474179170521211e+01 3.319474179170521211e+01 3.301383044894041790e+44
6.399999999999998579e+00 3.623213762131466353e+01 3.623213762131466353e+01 3.603467247127849900e+44
6.499999999999998224e+00 3.908207840582587522e+01 3.908207840582587522e+01 3.886908107851411931e+44
6.599999999999997868e+00 4.174028833941605399e+01 4.174028833941605399e+01 4.151280376796623645e+44
6.699999999999997513e+00 4.421311919432984894e+01 4.421311919432984894e+01 4.397215769472074616e+44
6.799999999999997158e+00 4.420026255863099607e+01 4.420026255863099607e+01 4.395937112768645034e+44
6.899999999999996803e+00 4.637364479746898382e+01 4.637364479746898382e+01 4.612090843332277287e+44
6.999999999999996447e+00 4.838614762278417913e+01 4.838614762278417913e+01 4.812244311823999976e+44
7.099999999999996092e+00 5.009578847507301447e+01 5.009578847507301447e+01 4.982276642788386178e+44
7.199999999999995737e+00 5.159469480458636781e+01 5.159469480458636781e+01 5.131350371790136425e+44
7.299999999999995381e+00 5.287607003659076099e+01 5.287607003659076099e+01 5.258789545489133700e+44
7.399999999999995026e+00 5.404904345832352419e+01 5.404904345832352419e+01 5.375447617147565441e+44
7.499999999999994671e+00 5.525837181121473662e+01 5.525837181121473662e+01 5.495721368484361572e+44
7.599999999999994316e+00 5.665872071090957718e+01 5.665872071090957718e+01 5.634993068303511642e+44
7.699999999999993960e+00 5.818652792541818286e+01 5.818652792541818286e+01 5.786941134822464604e+44
7.799999999999993605e+00 6.003444808083053630e+01 6.003444808083053630e+01 5.970726033879000582e+44
7.899999999999993250e+00 6.005546972627244173e+01 6.005546972627244173e+01 5.972816741626425559e+44
7.999999999999992895e+00 6.216031762014400641e+01 6.216031762014400641e+01 6.182154388911421459e+44
