8.500000000000000000e+00 1.884851750865309228e+01 1.884851750865309228e+01 1.874579308823092954e+44
8.599999999999999645e+00 2.415143661631386607e+01 2.415143661631386607e+01 2.401981128675495161e+44
8.699999999999999289e+00 2.675555498545007538e+01 2.675555498545007538e+01 2.660973721077937078e+44
8.799999999999998934e+00 2.867142234654101429e+01 2.867142234654101429e+01 2.851516309475236299e+44
8.899999999999998579e+00 2.918540689996767057e+01 2.918540689996767057e+01 2.902634643236284525e+44
8.999999999999998224e+00 2.927544730570487630e+01 2.927544730570487630e+01 2.911589611788878133e+44
9.099999999999997868e+00 2.833402571575987849e+01 2.833402571575987849e+01 2.817960527560898418e+44
9.199999999999997513e+00 2.692657139084440843e+01 2.692657139084440843e+01 2.677982157676430316e+44
9.299999999999997158e+00 2.416082147164899041e+01 2.416082147164899041e+01 2.402914499462850128e+44
9.399999999999996803e+00 2.056625403070049884e+01 2.056625403070049884e+01 2.045416794623317883e+44
9.499999999999996447e+00 1.657382523205823333e+01 1.657382523205823333e+01 1.648349788454351412e+44
