6.000000000000000000e+00 6.149543330743675540e+00 1.229908666148735108e+01 2.446411327836448750e+44
6.099999999999999645e+00 6.376969904073519935e+00 1.275393980814703987e+01 2.536886167238527330e+44
6.199999999999999289e+00 6.602874898897002964e+00 1.320574979779400593e+01 2.626755692279205635e+44
6.299999999999998934e+00 6.833732214040615816e+00 1.366746442808123163e+01 2.718595349389637751e+44
6.399999999999998579e+00 7.052417910097869225e+00 1.410483582019573845e+01 2.805592892995134040e+44
6.499999999999998224e+00 7.271936703189123108e+00 1.454387340637824622e+01 2.892921859262696704e+44
6.599999999999997868e+00 7.521662911802579288e+00 1.504332582360515858e+01 2.992267939573302007e+44
6.699999999999997513e+00 7.778318494040510345e+00 1.555663698808102069e+01 3.094370663299195697e+44
6.799999999999997158e+00 7.783787421190127453e+00 1.556757484238025491e+01 3.096546311897856247e+44
6.899999999999996803e+00 8.053371512557145451e+00 1.610674302511429090e+01 3.203792255125483389e+44
6.999999999999996447e+00 8.335569664092087550e+00 1.667113932818417510e+01 3.316056323769113840e+44
7.099999999999996092e+00 8.621992675426223940e+00 1.724398535085244788e+01 3.430001126138060117e+44
7.199999999999995737e+00 8.916200910188971207e+00 1.783240182037794241e+01 3.547043046091376195e+44
7.299999999999995381e+00 9.201635374667702649e+00 1.840327074933540530e+01 3.660594584750304944e+44
7.399999999999995026e+00 9.487915383442423689e+00 1.897583076688484738e+01 3.774482497841064812e+44
7.499999999999994671e+00 9.774753991215831661e+00 1.954950798243166332e+01 3.888592632785481519e+44
7.599999999999994316e+00 1.005256999421308350e+01 2.010513998842616701e+01 3.999113395097848370e+44
7.699999999999993960e+00 1.033612605304637988e+01 2.067225210609275976e+01 4.111917666422910326e+44
7.799999999999993605e+00 1.062166389525123833e+01 2.124332779050247666e+01 4.225510330808847357e+44
7.899999999999993250e+00 1.062629333685181088e+01 2.125258667370362176e+01 4.227352015266387075e+44
7.999999999999992895e+00 1.094107388332287201e+01 2.188214776664574401e+01 4.352578012263504807e+44
