6.000000000000000000e+00 2.368080349513393301e+01 2.368080349513393301e+01 2.354434778276370685e+44
6.099999999999999645e+00 2.689759012398412352e+01 2.689759012398412352e+01 2.674259834669224108e+44
6.199999999999999289e+00 3.012159454788713475e+01 3.012159454788713475e+01 2.994802511462851588e+44
6.299999999999998934e+00 3.321707382255010543e+01 3.321707382255010543e+01 3.302566733280654783e+44
6.399999999999998579e+00 3.625802025861204214e+01 3.625802025861204214e+01 3.604909094654120339e+44
6.499999999999998224e+00 3.909045473619384126e+01 3.909045473619384126e+01 3.886520410865497394e+44
6.599999999999997868e+00 4.176403696483548345e+01 4.176403696483548345e+01 4.152338037492441267e+44
6.699999999999997513e+00 4.413293739000815208e+01 4.413293739000815208e+01 4.387863050334437400e+44
6.799999999999997158e+00 4.418307056248742981e+01 4.418307056248742981e+01 4.392847479382834890e+44
6.899999999999996803e+00 4.642621776300487824e+01 4.642621776300487824e+01 4.615869632443511469e+44
6.999999999999996447e+00 4.838116348614576623e+01 4.838116348614576623e+01 4.810237707882816718e+44
7.099999999999996092e+00 5.009307953203745001e+01 5.009307953203745001e+01 4.980442856401741328e+44
7.199999999999995737e+00 5.160380712768200340e+01 5.160380712768200340e+01 5.130645090562346179e+44
7.299999999999995381e+00 5.290802629006577718e+01 5.290802629006577718e+01 5.260315477592998545e+44
7.399999999999995026e+00 5.413295333771078788e+01 5.413295333771078788e+01 5.382102343584240582e+44
7.499999999999994671e+00 5.530821038911840049e+01 5.530821038911840049e+01 5.498950831255581995e+44
7.599999999999994316e+00 5.661708797677317762e+01 5.661708797677317762e+01 5.629084376492513150e+44
7.699999999999993960e+00 5.824321397620001761e+01 5.824321397620001761e+01 5.790759955097635289e+44
7.799999999999993605e+00 6.006771990796740113e+01 6.006771990796740113e+01 5.972159214620537805e+44
7.899999999999993250e+00 6.010667593723037072e+01 6.010667593723037072e+01 5.976032369943968508e+44
