1.350000000000000000e+01 2.187966946285405001e+01 4.375933892570810002e+01 8.704170105712597901e+44
1.359999999999999964e+01 1.885449781161723237e+01 3.770899562323446474e+01 7.500696319417567429e+44
1.369999999999999929e+01 1.613462931188595917e+01 3.226925862377191834e+01 6.418678232854471931e+44
1.379999999999999893e+01 1.371322321463760652e+01 2.742644642927521303e+01 5.455394459247132321e+44
1.389999999999999858e+01 1.160099423640484595e+01 2.320198847280969190e+01 4.615107527126575474e+44
1.399999999999999822e+01 9.763880174432202352e+00 1.952776034886440470e+01 3.884266810992618755e+44
1.409999999999999787e+01 8.164468679431703180e+00 1.632893735886340636e+01 3.247988930051519796e+44
1.419999999999999751e+01 6.783820696171385833e+00 1.356764139234277167e+01 2.698739549350900556e+44
1.429999999999999716e+01 5.633383333418132466e+00 1.126676666683626493e+01 2.241072557700401420e+44
1.439999999999999680e+01 4.688286195647915378e+00 9.376572391295830755e+00 1.865094014352653469e+44
1.449999999999999645e+01 4.671370531843687779e+00 9.342741063687375558e+00 1.858364624978055912e+44
1.459999999999999609e+01 3.883689998742278160e+00 7.767379997484556320e+00 1.545009555299653031e+44
1.469999999999999574e+01 3.220297572578627143e+00 6.440595145157254287e+00 1.281098780323229379e+44
1.479999999999999538e+01 2.671583849252066933e+00 5.343167698504133867e+00 1.062809486909457117e+44
1.489999999999999503e+01 2.203294623426044652e+00 4.406589246852089303e+00 8.765146670913490149e+43
1.499999999999999467e+01 1.790316253031030369e+00 3.580632506062060738e+00 7.122236117808044752e+43
