1.300000000000000000e+01 8.499996902689396450e+00 7.649997212420456272e+00 6.847474254851486828e+43
1.309999999999999964e+01 8.001500853481243070e+00 7.201350768133117697e+00 6.445893065802111731e+43
1.319999999999999929e+01 7.441642535726838759e+00 6.697478282154154527e+00 5.994879322964771976e+43
1.329999999999999893e+01 6.492891547496198790e+00 5.843602392746578111e+00 5.230579283735497678e+43
1.339999999999999858e+01 6.485353562757437906e+00 5.836818206481693139e+00 5.224506792530730762e+43
1.349999999999999822e+01 5.473507072413088537e+00 4.926156365171778795e+00 4.409377931683432500e+43
1.359999999999999787e+01 4.550301760675113272e+00 4.095271584607601767e+00 3.665657119024340548e+43
1.369999999999999751e+01 3.676625163780036676e+00 3.308962647402032609e+00 2.961835920876321780e+43
1.379999999999999716e+01 2.928353103786295542e+00 2.635517793407665899e+00 2.359038799290234048e+43
1.389999999999999680e+01 2.253775464889428370e+00 2.028397918400485445e+00 1.815608834770682178e+43
1.399999999999999645e+01 1.684885504490642338e+00 1.516396954041578038e+00 1.357319331577845817e+43
