6.000000000000000000e+00 1.532781324077451188e+02 2.299171986116176640e+02 3.429962248187764928e+45
6.099999999999999645e+00 1.684350904034469636e+02 2.526526356051704454e+02 3.769135181116834062e+45
6.199999999999999289e+00 1.837406815669251330e+02 2.756110223503877137e+02 4.111634134178670975e+45
6.299999999999998934e+00 1.992602288703834006e+02 2.988903433055751293e+02 4.458920864018395423e+45
6.399999999999998579e+00 2.148382106111865539e+02 3.222573159167798167e+02 4.807515203175500103e+45
6.499999999999998224e+00 2.305883740268203042e+02 3.458825610402304847e+02 5.159962516238418316e+45
6.599999999999997868e+00 2.461798733657955722e+02 3.692698100486933299e+02 5.508859343758919135e+45
6.699999999999997513e+00 2.616882020250996561e+02 3.925323030376495126e+02 5.855895029791414327e+45
6.799999999999997158e+00 2.617411158928043733e+02 3.926116738392065599e+02 5.857079103251742933e+45
6.899999999999996803e+00 2.768461726198466408e+02 4.152692589297699897e+02 6.195090622029040515e+45
6.999999999999996447e+00 2.914182855407603938e+02 4.371274283111405907e+02 6.521176257402672353e+45
7.099999999999996092e+00 3.050941340243322202e+02 4.576412010364983303e+02 6.827205847362739962e+45
7.199999999999995737e+00 3.176440608477221303e+02 4.764660912715831955e+02 7.108040266112295409e+45
7.299999999999995381e+00 3.289750684961893512e+02 4.934626027442840268e+02 7.361598473389913816e+45
7.399999999999995026e+00 3.388254688505362537e+02 5.082382032758043806e+02 7.582024576019268010e+45
7.499999999999994671e+00 3.474103922721037634e+02 5.211155884081556451e+02 7.774132626769967657e+45
7.599999999999994316e+00 3.542481425152734573e+02 5.313722137729101860e+02 7.927143528117717657e+45
7.699999999999993960e+00 3.595398235658815338e+02 5.393097353488223007e+02 8.045557459367567240e+45
7.799999999999993605e+00 3.630218395121339654e+02 5.445327592682009481e+02 8.123475835952837515e+45
7.899999999999993250e+00 3.631123307892046341e+02 5.446684961838069512e+02 8.125500793194078238e+45
7.999999999999992895e+00 3.651554125369965504e+02 5.477331188054947688e+02 8.171219599620072443e+45
