9.800000000000000711e+00 1.228133184434077307e+01 1.228133184434077307e+01 1.221439858578911398e+44
9.900000000000000355e+00 1.024774086149532870e+01 1.024774086149532870e+01 1.019189067380017865e+44
1.000000000000000000e+01 8.299395407999403673e+00 8.299395407999403673e+00 8.254163703025806087e+43
1.009999999999999964e+01 8.296536995075992849e+00 8.296536995075992849e+00 8.251320868452828342e+43
1.019999999999999929e+01 6.392514107719618366e+00 6.392514107719618366e+00 6.357674905832546269e+43
1.029999999999999893e+01 4.731023284585495148e+00 4.731023284585495148e+00 4.705239207684503440e+43
1.039999999999999858e+01 3.345813983050513585e+00 3.345813983050513585e+00 3.327579296842887920e+43
1.049999999999999822e+01 2.349345912617670784e+00 2.349345912617670784e+00 2.336541977393904045e+43
1.059999999999999787e+01 1.615276420552463232e+00 1.615276420552463232e+00 1.606473164060452295e+43
1.069999999999999751e+01 1.068135046718265535e+00 1.068135046718265535e+00 1.062313710713650874e+43
1.079999999999999716e+01 7.175796686775446354e-01 7.175796686775446354e-01 7.136688594832519082e+42
1.089999999999999680e+01 4.516545760044581304e-01 4.516545760044581304e-01 4.491930585652337713e+42
1.099999999999999645e+01 2.686622758897519447e-01 2.686622758897519447e-01 2.671980664861527825e+42
