5.000000000000000000e+00 3.347215607836710092e+02 2.008329364702025941e+03 1.198054070283495348e+47
5.099999999999999645e+00 3.473759076104990413e+02 2.084255445662994134e+03 1.243347213895653033e+47
5.199999999999999289e+00 3.596649906169209316e+02 2.157989943701525590e+03 1.287332984879228377e+47
5.299999999999998934e+00 3.716085694788370120e+02 2.229651416873021844e+03 1.330082108167758969e+47
5.399999999999998579e+00 3.830581597824570963e+02 2.298348958694742578e+03 1.371063120069755345e+47
5.499999999999998224e+00 3.941601826130357153e+02 2.364961095678214406e+03 1.410800099096186549e+47
5.599999999999997868e+00 4.047118477176936153e+02 2.428271086306161578e+03 1.448567207068875021e+47
5.699999999999997513e+00 4.046909442623683617e+02 2.428145665574210398e+03 1.448492388256257169e+47
5.799999999999997158e+00 4.148360134453591854e+02 2.489016080672155113e+03 1.484804185439364505e+47
5.899999999999996803e+00 4.244504245350777296e+02 2.546702547210466491e+03 1.519216621592112176e+47
5.999999999999996447e+00 4.335152537994009663e+02 2.601091522796406025e+03 1.551661963837532129e+47
6.099999999999996092e+00 4.421761380095360323e+02 2.653056828057216080e+03 1.582661483426031169e+47
6.199999999999995737e+00 4.504248356310700387e+02 2.702549013786420346e+03 1.612185681798192613e+47
6.299999999999995381e+00 4.582289543821593156e+02 2.749373726292955780e+03 1.640118618693049547e+47
6.399999999999995026e+00 4.655501368116035223e+02 2.793300820869621020e+03 1.666323002982929043e+47
6.499999999999994671e+00 4.724648983580756294e+02 2.834789390148454004e+03 1.691072702991482749e+47
6.599999999999994316e+00 4.789502431765720871e+02 2.873701459059432636e+03 1.714285410708310113e+47
6.699999999999993960e+00 4.849365462151848192e+02 2.909619277291109029e+03 1.735711920266192092e+47
6.799999999999993605e+00 4.849920304208234256e+02 2.909952182524940326e+03 1.735910512428125569e+47
6.899999999999993250e+00 4.906653807316041593e+02 2.943992284389624729e+03 1.756216884136184966e+47
