8.000000000000000000e+00 1.754293779864915450e+02 5.262881339594746350e+02 1.570259590888186420e+46
8.099999999999999645e+00 1.696992118745199889e+02 5.090976356235599951e+02 1.518969160528234421e+46
8.199999999999999289e+00 1.703241309261568404e+02 5.109723927784705211e+02 1.524562779713483491e+46
8.299999999999998934e+00 1.745421944588406120e+02 5.236265833765218076e+02 1.562318455491359377e+46
8.399999999999998579e+00 1.818493962862566207e+02 5.455481888587698904e+02 1.627724853688468681e+46
8.499999999999998224e+00 1.933892105131183143e+02 5.801676315393549430e+02 1.731017153842396301e+46
8.599999999999997868e+00 2.083542764563863443e+02 6.250628293691590898e+02 1.864968710847291257e+46
8.699999999999997513e+00 2.225199867911130696e+02 6.675599603733392087e+02 1.991765275767913433e+46
8.799999999999997158e+00 2.347166363029793388e+02 7.041499089089379595e+02 2.100936875716152454e+46
8.899999999999996803e+00 2.458133455257997753e+02 7.374400365773992689e+02 2.200262965134157472e+46
8.999999999999996447e+00 2.459769590859408481e+02 7.379308772578225444e+02 2.201727461930302198e+46
9.099999999999996092e+00 2.543883735415591332e+02 7.631651206246774564e+02 2.277017612151818611e+46
9.199999999999995737e+00 2.597939282030077948e+02 7.793817846090233843e+02 2.325402461648712334e+46
9.299999999999995381e+00 2.626910289779627874e+02 7.880730869338883622e+02 2.351334265830295353e+46
9.399999999999995026e+00 2.625461513445737296e+02 7.876384540337212457e+02 2.350037473377712355e+46
9.499999999999994671e+00 2.590915096287975530e+02 7.772745288863926589e+02 2.319115148111885421e+46
