8.500000000000000000e+00 4.949485128463158162e-02 2.474742564231579081e-02 1.230627608628258413e+41
8.599999999999999645e+00 2.591258830207930908e-01 1.295629415103965454e-01 6.442841173958243361e+41
8.699999999999999289e+00 1.467256998816133251e+00 7.336284994080666255e-01 3.648151120431462932e+42
8.799999999999998934e+00 3.886170060828746387e+00 1.943085030414373193e+00 9.662476084993074114e+42
8.899999999999998579e+00 6.068692316964593658e+00 3.034346158482296829e+00 1.508904485959284069e+43
8.999999999999998224e+00 6.103198813538915246e+00 3.051599406769457623e+00 1.517484095001282031e+43
9.099999999999997868e+00 7.570035945778709419e+00 3.785017972889354709e+00 1.882194812468553589e+43
9.199999999999997513e+00 7.306548747487383366e+00 3.653274373743691683e+00 1.816682014203394115e+43
9.299999999999997158e+00 6.260899608717366505e+00 3.130449804358683252e+00 1.556694426462464073e+43
9.399999999999996803e+00 4.788823472300870243e+00 2.394411736150435122e+00 1.190681096094207468e+43
9.499999999999996447e+00 3.271056277652539812e+00 1.635528138826269906e+00 8.133072552348333006e+42
