1.300000000000000000e+01 1.112375174316525772e+01 1.001137656884873017e+01 8.961133109893652662e+43
1.309999999999999964e+01 9.720015612585616083e+00 8.748014051327054119e+00 7.830303637272587150e+43
1.319999999999999929e+01 8.305905669143513137e+00 7.475315102229161290e+00 6.691117171429809790e+43
1.329999999999999893e+01 6.988932170195451654e+00 6.290038953175906222e+00 5.630182416792986188e+43
1.339999999999999858e+01 6.988487082193984179e+00 6.289638373974585583e+00 5.629823860352780161e+43
1.349999999999999822e+01 5.788938393450901998e+00 5.210044554105810910e+00 4.663484830157341060e+43
1.359999999999999787e+01 4.723081811927436036e+00 4.250773630734691721e+00 3.804846223002468435e+43
1.369999999999999751e+01 3.788511501309323570e+00 3.409660351178390947e+00 3.051969932038020901e+43
1.379999999999999716e+01 3.012836302647786013e+00 2.711552672383007234e+00 2.427097239286667497e+43
1.389999999999999680e+01 2.361206269936044322e+00 2.125085642942439623e+00 1.902153533569562632e+43
1.399999999999999645e+01 1.830613182712654829e+00 1.647551864441389124e+00 1.474715436102165063e+43
