1.250000000000000000e+01 1.044954040411424216e+02 2.110807161631076951e+02 4.239261028897314624e+45
1.259999999999999964e+01 9.727902975729278978e+01 1.965036401097314354e+02 3.946500839564818749e+45
1.269999999999999929e+01 9.018558519532093953e+01 1.821748820945483089e+02 3.658727770805056526e+45
1.279999999999999893e+01 8.289740089517684396e+01 1.674527498082572379e+02 3.363054329867334205e+45
1.289999999999999858e+01 7.584358327616624251e+01 1.532040382178558104e+02 3.076888881619990071e+45
1.299999999999999822e+01 6.853830771712637215e+01 1.384473815885952774e+02 2.780522067529290285e+45
1.309999999999999787e+01 6.130226048911021053e+01 1.238305661880026207e+02 2.486963768975684817e+45
1.319999999999999751e+01 5.428965327209438385e+01 1.096650996096306585e+02 2.202470180393028019e+45
1.329999999999999716e+01 4.751004464234421221e+01 9.597029017753530411e+01 1.927429082471056692e+45
1.339999999999999680e+01 0.000000000000000000e+00 0.000000000000000000e+00 0.000000000000000000e+00
