1.100000000000000000e+01 1.677285256325856722e+01 3.354570512651713443e+01 6.672576206715522790e+44
1.109999999999999964e+01 1.795625066828438321e+01 3.591250133656876642e+01 7.143355640856892031e+44
1.119999999999999929e+01 1.796951769580120128e+01 3.593903539160240257e+01 7.148633529743634079e+44
1.129999999999999893e+01 1.916348340171805020e+01 3.832696680343610041e+01 7.623616966871473559e+44
1.139999999999999858e+01 2.027825691534701491e+01 4.055651383069402982e+01 8.067096166063349295e+44
1.149999999999999822e+01 2.130453341004692902e+01 4.260906682009385804e+01 8.475369481184868439e+44
1.159999999999999787e+01 2.227389742863347877e+01 4.454779485726695754e+01 8.861001875058969018e+44
1.169999999999999751e+01 2.316741391453869170e+01 4.633482782907738340e+01 9.216460603481781940e+44
1.179999999999999716e+01 2.392300134664567679e+01 4.784600269329135358e+01 9.517048395722582997e+44
1.189999999999999680e+01 2.459456897934044406e+01 4.918913795868088812e+01 9.784211431361215406e+44
1.199999999999999645e+01 2.510942264808087998e+01 5.021884529616175996e+01 9.989030517859534858e+44
