1.100000000000000000e+01 4.598563191141769835e+01 9.197126382283539670e+01 1.829400408700018748e+45
1.109999999999999964e+01 4.496520198020035508e+01 8.993040396040071016e+01 1.788805665176330522e+45
1.119999999999999929e+01 4.521752007146444896e+01 9.043504014292889792e+01 1.798843383482998661e+45
1.129999999999999893e+01 4.364307647180916661e+01 8.728615294361833321e+01 1.736208868201512145e+45
1.139999999999999858e+01 4.118875239058549909e+01 8.237750478117099817e+01 1.638570947602272135e+45
1.149999999999999822e+01 3.707203711997876638e+01 7.414407423995753277e+01 1.474799780706995282e+45
1.159999999999999787e+01 3.196573547267218629e+01 6.393147094534437258e+01 1.271660888573844880e+45
1.169999999999999751e+01 2.869518928591030260e+01 5.739037857182060520e+01 1.141552020172083635e+45
1.179999999999999716e+01 2.584496564957525777e+01 5.168993129915051554e+01 1.028164423471402762e+45
1.189999999999999680e+01 3.019394467434509721e+01 6.038788934869019442e+01 1.201175507034796626e+45
1.199999999999999645e+01 3.657869282630784369e+01 7.315738565261568738e+01 1.455173558016178676e+45
