8.000000000000000000e+00 2.579296984433538000e+02 1.031718793773415200e+03 4.104383705389400109e+46
8.099999999999999645e+00 2.586432554643880053e+02 1.034573021857552021e+03 4.115738395553713017e+46
8.199999999999999289e+00 2.589831956825314592e+02 1.035932782730125837e+03 4.121147796256986123e+46
8.299999999999998934e+00 2.590638070838405724e+02 1.036255228335362290e+03 4.122430549363737808e+46
8.399999999999998579e+00 2.588079091382443266e+02 1.035231636552977307e+03 4.118358496535054115e+46
8.499999999999998224e+00 2.582136630034393647e+02 1.032854652013757459e+03 4.108902376641129741e+46
8.599999999999997868e+00 2.573204990722699108e+02 1.029281996289079643e+03 4.094689637637216222e+46
8.699999999999997513e+00 2.561718160743419048e+02 1.024687264297367619e+03 4.076410874827787635e+46
8.799999999999997158e+00 2.547327409228331874e+02 1.018930963691332749e+03 4.053511159756859519e+46
8.899999999999996803e+00 2.530213412695071611e+02 1.012085365078028644e+03 4.026277999353413299e+46
8.999999999999996447e+00 2.509416774825416496e+02 1.003766709930166598e+03 3.993184725444188459e+46
9.099999999999996092e+00 2.486067755172364286e+02 9.944271020689457146e+02 3.956029897450679585e+46
9.199999999999995737e+00 2.460229604269306094e+02 9.840918417077224376e+02 3.914914164681661024e+46
9.299999999999995381e+00 2.431437274953816825e+02 9.725749099815267300e+02 3.869097506888509546e+46
9.399999999999995026e+00 2.399221979756553367e+02 9.596887919026213467e+02 3.817833951947007978e+46
9.499999999999994671e+00 2.363924615023804279e+02 9.455698460095217115e+02 3.761665961395078914e+46
