1.100000000000000000e+01 3.186199847721637468e+01 4.779299771582456202e+01 7.129878881740997605e+44
1.109999999999999964e+01 3.488166884140689916e+01 5.232250326211034519e+01 7.805601842899777236e+44
1.119999999999999929e+01 3.492434546744933499e+01 5.238651820117399893e+01 7.815151751546638887e+44
1.129999999999999893e+01 3.789453229953711144e+01 5.684179844930567072e+01 8.479801597163542398e+44
1.139999999999999858e+01 4.065332348206475643e+01 6.097998522309713110e+01 9.097146645544688193e+44
1.149999999999999822e+01 4.309852322098268473e+01 6.464778483147402710e+01 9.644318160621373208e+44
1.159999999999999787e+01 4.521202912315595768e+01 6.781804368473393652e+01 1.011726530199782011e+45
1.169999999999999751e+01 4.698063658896521133e+01 7.047095488344781700e+01 1.051303322689995399e+45
1.179999999999999716e+01 4.826432323602227825e+01 7.239648485403341738e+01 1.080028860173683910e+45
1.189999999999999680e+01 4.906060458015838321e+01 7.359090687023757482e+01 1.097847546416921538e+45
1.199999999999999645e+01 4.935502181109984576e+01 7.403253271664976864e+01 1.104435831200160398e+45
