8.000000000000000000e+00 3.593253554621885542e+02 1.437301421848754217e+03 5.717872516398713246e+46
8.099999999999999645e+00 3.558017058235215018e+02 1.423206823294086007e+03 5.661801384428531991e+46
8.199999999999999289e+00 3.590465863821312382e+02 1.436186345528524953e+03 5.713436519781577311e+46
8.299999999999998934e+00 3.667633437771024774e+02 1.467053375108409909e+03 5.836231736856276186e+46
8.399999999999998579e+00 3.744841321080861007e+02 1.497936528432344403e+03 5.959091097409552218e+46
8.499999999999998224e+00 3.847669919948298229e+02 1.539067967979319292e+03 6.122720190215327450e+46
8.599999999999997868e+00 3.963928382270001407e+02 1.585571352908000563e+03 6.307719956138607001e+46
8.699999999999997513e+00 4.077794283250877925e+02 1.631117713300351170e+03 6.488912487051456728e+46
8.799999999999997158e+00 4.182927356548882472e+02 1.673170942619552989e+03 6.656208643929105487e+46
8.899999999999996803e+00 4.242093661562965963e+02 1.696837464625186385e+03 6.750358801771916196e+46
8.999999999999996447e+00 4.241636734509918369e+02 1.696654693803967348e+03 6.749631702890942113e+46
9.099999999999996092e+00 4.281435732609817819e+02 1.712574293043927128e+03 6.812963052587350029e+46
9.199999999999995737e+00 4.304619602812425683e+02 1.721847841124970273e+03 6.849855081563356168e+46
9.299999999999995381e+00 4.305628195654709316e+02 1.722251278261883726e+03 6.851460035181425613e+46
9.399999999999995026e+00 4.303279258659187008e+02 1.721311703463674803e+03 6.847722218719190488e+46
9.499999999999994671e+00 4.266914742424697238e+02 1.706765896969878895e+03 6.789856091325571327e+46
