8.500000000000000000e+00 5.304525970338525553e+01 5.304525970338525553e+01 5.273959741020434725e+44
8.599999999999999645e+00 4.940378076899607862e+01 4.940378076899607862e+01 4.911910174195203798e+44
8.699999999999999289e+00 4.573032121872940081e+01 4.573032121872940081e+01 4.546680973947983047e+44
8.799999999999998934e+00 4.206378618523984869e+01 4.206378618523984869e+01 4.182140235269483454e+44
8.899999999999998579e+00 3.854838875642060003e+01 3.854838875642060003e+01 3.832626167151983525e+44
8.999999999999998224e+00 3.859172603385522393e+01 3.859172603385522393e+01 3.836934922689305836e+44
9.099999999999997868e+00 3.494938943062521730e+01 3.494938943062521730e+01 3.474800083193850217e+44
9.199999999999997513e+00 3.108885485819513406e+01 3.108885485819513406e+01 3.090971178826841713e+44
9.299999999999997158e+00 2.683344085641524757e+01 2.683344085641524757e+01 2.667881872595590915e+44
9.399999999999996803e+00 2.231917198492751808e+01 2.231917198492751808e+01 2.219056239136610131e+44
