9.800000000000000711e+00 1.092160795084009273e+01 2.730401987710023093e+01 6.788803242192509006e+44
9.900000000000000355e+00 1.053190718429646466e+01 2.632976796074116166e+01 6.546567681338780355e+44
1.000000000000000000e+01 1.016630586343126197e+01 2.541576465857815492e+01 6.319312185297225219e+44
1.009999999999999964e+01 9.771306125723098646e+00 2.442826531430774750e+01 6.073782817086191252e+44
1.019999999999999929e+01 9.374755965505883637e+00 2.343688991376470909e+01 5.827289715933672178e+44
1.029999999999999893e+01 8.936233085062346149e+00 2.234058271265586626e+01 5.554706634217972347e+44
1.039999999999999858e+01 8.514044950045096982e+00 2.128511237511274246e+01 5.292277128167094175e+44
1.049999999999999822e+01 8.069763258725640043e+00 2.017440814681410188e+01 5.016114405603490230e+44
1.059999999999999787e+01 7.627655227419610995e+00 1.906913806854902660e+01 4.741302816518859056e+44
1.069999999999999751e+01 7.165044311661155518e+00 1.791261077915288880e+01 4.453746762601625900e+44
1.079999999999999716e+01 6.714386720091074068e+00 1.678596680022768339e+01 4.173620820291610728e+44
1.089999999999999680e+01 6.239513035223637871e+00 1.559878258805909468e+01 3.878442305738542670e+44
1.099999999999999645e+01 5.773541928852784721e+00 1.443385482213196269e+01 3.588797578337835576e+44
