1.019999999999999929e+01 1.281934970944668351e+00 2.051095953511469450e+00 3.263867968903731562e+43
1.029999999999999893e+01 1.270715732573815648e+00 2.033145172118105304e+00 3.235303249488098650e+43
1.039999999999999858e+01 1.263422515991873940e+00 2.021476025586998571e+00 3.216734369996079063e+43
1.049999999999999822e+01 1.231274860625453549e+00 1.970039777000725856e+00 3.134884896345715121e+43
1.059999999999999787e+01 1.198122842412946643e+00 1.916996547860714717e+00 3.050478266679798410e+43
1.069999999999999751e+01 1.166828211365007251e+00 1.866925138184011734e+00 2.970800633889454331e+43
1.079999999999999716e+01 1.139824995785789330e+00 1.823719993257262972e+00 2.902049150870418047e+43
1.089999999999999680e+01 1.105716849166705318e+00 1.769146958666728553e+00 2.815208172387191820e+43
1.099999999999999645e+01 1.088720982709075136e+00 1.741953572334520306e+00 2.771935880584475563e+43
1.109999999999999609e+01 1.050448197078275525e+00 1.680717115325240929e+00 2.674491531274749513e+43
1.119999999999999574e+01 1.037458128854436890e+00 1.659933006167099157e+00 2.641418194053581588e+43
