1.350000000000000000e+01 5.773940071204633284e+01 1.732182021361389843e+02 5.168224888034910650e+45
1.359999999999999964e+01 5.357650780932617351e+01 1.607295234279785063e+02 4.795606425758880605e+45
1.369999999999999929e+01 4.941909602260846412e+01 1.482572880678253853e+02 4.423478575435672039e+45
1.379999999999999893e+01 4.526395081622023042e+01 1.357918524486606771e+02 4.051553605584464631e+45
1.389999999999999858e+01 4.107764324119453647e+01 1.232329297235836094e+02 3.676839307697701924e+45
1.399999999999999822e+01 3.695540153235636893e+01 1.108662045970690997e+02 3.307859513460452191e+45
1.409999999999999787e+01 3.293327379550301259e+01 9.879982138650903778e+01 2.947840870798576800e+45
1.419999999999999751e+01 2.905290665991331167e+01 8.715871997973994212e+01 2.600511148675510591e+45
1.429999999999999716e+01 2.534167552659943112e+01 7.602502657979829337e+01 2.268320705548151541e+45
1.439999999999999680e+01 2.193592668675093194e+01 6.580778006025279581e+01 1.963473829767732125e+45
1.449999999999999645e+01 2.197085604978835960e+01 6.591256814936508590e+01 1.966600339588530957e+45
1.459999999999999609e+01 1.884509039176886702e+01 5.653527117530660462e+01 1.686814618422035448e+45
1.469999999999999574e+01 1.604306336466827787e+01 4.812919009400483361e+01 1.436006580239775088e+45
1.479999999999999538e+01 1.358087842571858772e+01 4.074263527715576316e+01 1.215617637446857822e+45
1.489999999999999503e+01 1.141392323780528528e+01 3.424176971341585585e+01 1.021654562054332038e+45
1.499999999999999467e+01 9.571464404670322779e+00 2.871439321401096834e+01 8.567369931298381245e+44
