6.000000000000000000e+00 1.812282130772950950e+01 4.530705326932377375e+01 1.126503245725148921e+45
6.099999999999999645e+00 2.011016430141301470e+01 5.027541075353254030e+01 1.250035244123144503e+45
6.199999999999999289e+00 2.216886935832948780e+01 5.542217339582371949e+01 1.378003063770412009e+45
6.299999999999998934e+00 2.429405113140742856e+01 6.073512782851857139e+01 1.510103034546328420e+45
6.399999999999998579e+00 2.648770967091046202e+01 6.621927417727616216e+01 1.646459478325249897e+45
6.499999999999998224e+00 2.876961500883445311e+01 7.192403752208613810e+01 1.788301287939769057e+45
6.599999999999997868e+00 3.106375503283599215e+01 7.765938758208997683e+01 1.930903597994189495e+45
6.699999999999997513e+00 3.340187126127388240e+01 8.350467815318469889e+01 2.076239441431246137e+45
6.799999999999997158e+00 3.576158749384995872e+01 8.940396873462489680e+01 2.222917927625529428e+45
6.899999999999996803e+00 3.814184169299710447e+01 9.535460423249276118e+01 2.370873040985641593e+45
6.999999999999996447e+00 4.052354584709449625e+01 1.013088646177362477e+02 2.518918282639239262e+45
