0.000000000000000000e+00 -2.000000189051621913e+00 3.353825755928387482e-314 2.781375861452795509e-309
2.123005273797905484e-314 0.000000000000000000e+00 3.353890506195668853e-314 5.562718185348290736e-309
2.123005289608006150e-314 0.000000000000000000e+00 2.139642394901924202e-314 8.344060507681431816e-309
0.000000000000000000e+00 2.000000189260492167e+00 3.353825746047074566e-314 1.112540283085480070e-308
2.123007993135220194e-314 2.160612289903812984e-314 2.160612787921983992e-314 2.781342323134001729e-309
2.111091961764076924e-315 1.491668287250249943e-154 5.928787750094958530e-323 0.000000000000000000e+00
0.000000000000000000e+00 0.000000000000000000e+00 0.000000000000000000e+00 0.000000000000000000e+00
0.000000000000000000e+00 0.000000000000000000e+00 0.000000000000000000e+00 0.000000000000000000e+00
0.000000000000000000e+00 0.000000000000000000e+00 0.000000000000000000e+00 0.000000000000000000e+00
0.000000000000000000e+00 1.251604045410300778e-308 0.000000000000000000e+00 1.390671161567000864e-308
0.000000000000000000e+00 0.000000000000000000e+00 1.288229877275864678e-231 3.059476766333109954e-308
