6.000000000000000000e+00 3.255065884707957480e+01 1.302026353883182992e+02 5.179721241018078411e+45
6.099999999999999645e+00 3.523306355035329318e+01 1.409322542014131727e+02 5.606566936640618563e+45
6.199999999999999289e+00 3.805987876960850969e+01 1.522395150784340387e+02 6.056392388850262245e+45
6.299999999999998934e+00 4.094456038469787273e+01 1.637782415387914909e+02 6.515426004896202754e+45
6.399999999999998579e+00 4.393129760045243870e+01 1.757251904018097548e+02 6.990699524564794952e+45
6.499999999999998224e+00 4.693982739235875101e+01 1.877593095694350041e+02 7.469440853291262281e+45
6.599999999999997868e+00 5.006358306634541577e+01 2.002543322653816631e+02 7.966517846181412055e+45
6.699999999999997513e+00 5.319351034561472602e+01 2.127740413824589041e+02 8.464576914276979633e+45
6.799999999999997158e+00 5.317563818025974598e+01 2.127025527210389839e+02 8.461732952348372649e+45
6.899999999999996803e+00 5.637781289604329515e+01 2.255112515841731806e+02 8.971288610521576433e+45
6.999999999999996447e+00 5.956319045007687407e+01 2.382527618003074963e+02 9.478171369939831450e+45
7.099999999999996092e+00 6.274688511273635072e+01 2.509875404509454029e+02 9.984786334219509009e+45
7.199999999999995737e+00 6.587128936614438146e+01 2.634851574645775258e+02 1.048196653425582252e+46
7.299999999999995381e+00 6.890721965372642899e+01 2.756288786149057159e+02 1.096506804905817777e+46
7.399999999999995026e+00 7.175482771974839125e+01 2.870193108789935650e+02 1.141820222538812024e+46
7.499999999999994671e+00 7.437733979742753831e+01 2.975093591897101533e+02 1.183551732728504900e+46
7.599999999999994316e+00 7.674484108957784656e+01 3.069793643583113862e+02 1.221225307290234379e+46
7.699999999999993960e+00 7.893598103390675647e+01 3.157439241356270259e+02 1.256092478996351243e+46
7.799999999999993605e+00 8.079321401493504595e+01 3.231728560597401838e+02 1.285646255976858176e+46
7.899999999999993250e+00 8.075760641891818636e+01 3.230304256756727455e+02 1.285079639422961173e+46
7.999999999999992895e+00 8.243974075595855311e+01 3.297589630238342124e+02 1.311847106701417156e+46
