1.050000000000000000e+01 1.743059643785473156e+02 6.972238575141892625e+02 2.772824999308380406e+46
1.059999999999999964e+01 1.734280882655636447e+02 6.937123530622545786e+02 2.758859918761335230e+46
1.069999999999999929e+01 1.725116320034896376e+02 6.900465280139585502e+02 2.744281112790400326e+46
1.079999999999999893e+01 1.712778269761906245e+02 6.851113079047624979e+02 2.724653985077562569e+46
1.089999999999999858e+01 1.699687021709775649e+02 6.798748086839102598e+02 2.703828685151358516e+46
1.099999999999999822e+01 1.684234744652584368e+02 6.736938978610337472e+02 2.679247506719984141e+46
1.109999999999999787e+01 1.667563108759918009e+02 6.670252435039672037e+02 2.652726596235155177e+46
1.119999999999999751e+01 1.668311810449247901e+02 6.673247241796991602e+02 2.653917616157278926e+46
1.129999999999999716e+01 1.651336226790018031e+02 6.605344907160072125e+02 2.626913191543363368e+46
1.139999999999999680e+01 1.634131820585546961e+02 6.536527282342187846e+02 2.599544760524897757e+46
