6.000000000000000000e+00 7.874671248485642039e+00 2.362401374545692789e+01 7.048578861163254896e+44
6.099999999999999645e+00 8.257341677485470655e+00 2.477202503245641196e+01 7.391105248808856531e+44
6.199999999999999289e+00 8.651296090758112456e+00 2.595388827227433737e+01 7.743731874357130916e+44
6.299999999999998934e+00 9.045113628228209635e+00 2.713534088468463068e+01 8.096235983058928834e+44
6.399999999999998579e+00 9.439846301379745341e+00 2.831953890413923602e+01 8.449559225133502985e+44
6.499999999999998224e+00 9.841359076369890602e+00 2.952407722910967180e+01 8.808951302463305009e+44
6.599999999999997868e+00 1.023648337239334083e+01 3.070945011718002249e+01 9.162625084212416304e+44
6.699999999999997513e+00 1.063560608714656830e+01 3.190681826143970312e+01 9.519877830574457690e+44
6.799999999999997158e+00 1.062942796399071099e+01 3.188828389197213298e+01 9.514347823428264024e+44
6.899999999999996803e+00 1.103872373026166542e+01 3.311617119078499627e+01 9.880706417338563933e+44
6.999999999999996447e+00 1.143910171076413285e+01 3.431730513229239676e+01 1.023908274579642065e+45
7.099999999999996092e+00 1.185679934689729365e+01 3.557039804069188449e+01 1.061296181141103247e+45
7.199999999999995737e+00 1.228049560421992936e+01 3.684148681265978809e+01 1.099221021285923724e+45
7.299999999999995381e+00 1.269701179196639274e+01 3.809103537589918176e+01 1.136503176993015652e+45
7.399999999999995026e+00 1.310573596103380822e+01 3.931720788310142467e+01 1.173087873004155569e+45
7.499999999999994671e+00 1.349503151934123757e+01 4.048509455802371093e+01 1.207933523780474399e+45
7.599999999999994316e+00 1.388539580117199890e+01 4.165618740351600024e+01 1.242874835465004903e+45
7.699999999999993960e+00 1.424901262459153628e+01 4.274703787377460884e+01 1.275421995520875993e+45
7.799999999999993605e+00 1.460139778640611752e+01 4.380419335921835255e+01 1.306963815162318372e+45
7.899999999999993250e+00 1.460883648817505431e+01 4.382650946452515939e+01 1.307629649638304943e+45
7.999999999999992895e+00 1.495595780410627107e+01 4.486787341231881499e+01 1.338700305066650094e+45
