7.000000000000000000e+00 6.018889858301931639e+01 1.504722464575482945e+02 3.741304317858865852e+45
7.099999999999999645e+00 5.615508366897579862e+01 1.403877091724394859e+02 3.490564903936242028e+45
7.199999999999999289e+00 5.296140881358242325e+01 1.324035220339560510e+02 3.292048070971774184e+45
7.299999999999998934e+00 5.302606382872659196e+01 1.325651595718164799e+02 3.296066986303751844e+45
7.399999999999998579e+00 5.503462096053336694e+01 1.375865524013334209e+02 3.420917642268653579e+45
7.499999999999998224e+00 5.776635229714302966e+01 1.444158807428575813e+02 3.590720354820224500e+45
7.599999999999997868e+00 6.169548758613241546e+01 1.542387189653310315e+02 3.834952948674249011e+45
7.699999999999997513e+00 6.479888966529574645e+01 1.619972241632393661e+02 4.027858482288742304e+45
7.799999999999997158e+00 6.755010571488125493e+01 1.688752642872031515e+02 4.198872352420946936e+45
7.899999999999996803e+00 6.757351662521462288e+01 1.689337915630365501e+02 4.200327559975449693e+45
7.999999999999996447e+00 6.979137190357150189e+01 1.744784297589287689e+02 4.338188057918564522e+45
