8.500000000000000000e+00 6.554695170800688864e+00 3.277347585400344432e+00 1.629743020529956238e+43
8.599999999999999645e+00 6.543695439038454964e+00 3.271847719519227482e+00 1.627008074723923813e+43
8.699999999999999289e+00 6.362939163484986338e+00 3.181469581742493169e+00 1.582065286260998229e+43
8.799999999999998934e+00 6.039334687198254947e+00 3.019667343599127474e+00 1.501605078288256081e+43
8.899999999999998579e+00 5.568902986800649657e+00 2.784451493400324829e+00 1.384638116380646529e+43
8.999999999999998224e+00 5.580393689799331369e+00 2.790196844899665685e+00 1.387495136047481257e+43
9.099999999999997868e+00 5.026181935735638540e+00 2.513090967867819270e+00 1.249697311046469673e+43
9.199999999999997513e+00 4.418403232574629413e+00 2.209201616287314707e+00 1.098580733739274270e+43
9.299999999999997158e+00 3.806189630385991673e+00 1.903094815192995837e+00 9.463614742250968995e+42
9.399999999999996803e+00 3.212272152514748846e+00 1.606136076257374423e+00 7.986913173208858617e+42
9.499999999999996447e+00 2.665589931948500801e+00 1.332794965974250401e+00 6.627656167048452746e+42
