1.350000000000000000e+01 2.185633904419474050e+01 4.371267808838948099e+01 8.692158571735284678e+44
1.359999999999999964e+01 1.884101706377804675e+01 3.768203412755609349e+01 7.492979846257820948e+44
1.369999999999999929e+01 1.611545958126495393e+01 3.223091916252990785e+01 6.409039036844178932e+44
1.379999999999999893e+01 1.371939070931321680e+01 2.743878141862643361e+01 5.456134227777573853e+44
1.389999999999999858e+01 1.159964739554547819e+01 2.319929479109095638e+01 4.613122734526661948e+44
1.399999999999999822e+01 9.778174602649176705e+00 1.955634920529835341e+01 3.888731960850341485e+44
1.409999999999999787e+01 8.162135385176823021e+00 1.632427077035364604e+01 3.246041110017128550e+44
1.419999999999999751e+01 6.795667747251550317e+00 1.359133549450310063e+01 2.702603649243210691e+44
1.429999999999999716e+01 5.644214518273782843e+00 1.128842903654756569e+01 2.244676361696408269e+44
1.439999999999999680e+01 4.673962828388720681e+00 9.347925656777441361e+00 1.858812035291061114e+44
1.449999999999999645e+01 4.705267877784198305e+00 9.410535755568396610e+00 1.871261899510832051e+44
1.459999999999999609e+01 3.884431602596434274e+00 7.768863205192868548e+00 1.544819348865111159e+44
1.469999999999999574e+01 3.222434873337976846e+00 6.444869746675953692e+00 1.281546504632170349e+44
1.479999999999999538e+01 2.672089078920341976e+00 5.344178157840683951e+00 1.062676688205328876e+44
1.489999999999999503e+01 2.197664035655977344e+00 4.395328071311954687e+00 8.740001812149440751e+43
