8.000000000000000000e+00 1.712687045697054433e+00 1.712687045697054433e+00 1.703352901298005318e+43
8.099999999999999645e+00 1.988972993617375229e+00 1.988972993617375229e+00 1.978133090802160252e+43
8.199999999999999289e+00 2.283093466811181305e+00 2.283093466811181305e+00 2.270650607417060312e+43
8.299999999999998934e+00 2.585632525486410316e+00 2.585632525486410316e+00 2.571540828222508944e+43
8.399999999999998579e+00 2.819877553567240902e+00 2.819877553567240902e+00 2.804509220900299425e+43
8.499999999999998224e+00 2.874397814711413091e+00 2.874397814711413091e+00 2.858732346621235638e+43
8.599999999999997868e+00 2.727994396741021177e+00 2.727994396741021177e+00 2.713126827278782303e+43
8.699999999999997513e+00 2.743341394852592430e+00 2.743341394852592430e+00 2.728390184250645631e+43
8.799999999999997158e+00 2.820256070538308624e+00 2.820256070538308624e+00 2.804885674953874489e+43
8.899999999999996803e+00 2.937352994946853091e+00 2.937352994946853091e+00 2.921344421124392533e+43
8.999999999999996447e+00 3.082165738299952995e+00 3.082165738299952995e+00 3.065367935026218079e+43
9.099999999999996092e+00 3.249318017089290134e+00 3.249318017089290134e+00 3.231609233896153351e+43
9.199999999999995737e+00 3.414600681663359616e+00 3.414600681663359616e+00 3.395991107948294029e+43
9.299999999999995381e+00 3.604053425359552421e+00 3.604053425359552421e+00 3.584411334191342502e+43
9.399999999999995026e+00 3.780693004838899363e+00 3.780693004838899363e+00 3.760088227962527266e+43
9.499999999999994671e+00 3.971970830710029876e+00 3.971970830710029876e+00 3.950323589682660126e+43
9.599999999999994316e+00 4.151478482854754404e+00 4.151478482854754404e+00 4.128852925123195706e+43
9.699999999999993960e+00 4.331519961056237378e+00 4.331519961056237378e+00 4.307913177268480561e+43
