6.000000000000000000e+00 2.971838517536486535e+00 4.457757776304729802e+00 6.650194494635803470e+43
6.099999999999999645e+00 3.669178998999131025e+00 5.503768498498696538e+00 8.210659440272816524e+43
6.199999999999999289e+00 4.502995624197099644e+00 6.754493436295649467e+00 1.007652217060175514e+44
6.299999999999998934e+00 5.513490843113716622e+00 8.270236264670575821e+00 1.233774521554217925e+44
6.399999999999998579e+00 6.665483186100852109e+00 9.998224779151279051e+00 1.491560168115735420e+44
6.499999999999998224e+00 8.004322850044971460e+00 1.200648427506745719e+01 1.791157340365250633e+44
6.599999999999997868e+00 9.494529730370093290e+00 1.424179459555513994e+01 2.124626522251404487e+44
6.699999999999997513e+00 1.114971606670593296e+01 1.672457410005889855e+01 2.495013775682036668e+44
6.799999999999997158e+00 1.114834675050193269e+01 1.672252012575290081e+01 2.494707358660131405e+44
6.899999999999996803e+00 1.296915005237253382e+01 1.945372507855880073e+01 2.902155341532097754e+44
6.999999999999996447e+00 1.491640847233023770e+01 2.237461270849535566e+01 3.337900660385108369e+44
