1.250000000000000000e+01 4.113205299051981712e+01 1.028301324762995392e+02 2.556742706357592507e+45
1.259999999999999964e+01 3.949884696283607610e+01 9.874711740709018670e+01 2.455223640430538690e+45
1.269999999999999929e+01 3.784930659749667825e+01 9.462326649374169563e+01 2.352689242283770106e+45
1.279999999999999893e+01 3.622681888454447119e+01 9.056704721136117087e+01 2.251836420101481410e+45
1.289999999999999858e+01 3.457575053600377402e+01 8.643937634000943149e+01 2.149207043473909537e+45
1.299999999999999822e+01 3.291782059660852156e+01 8.229455149152130389e+01 2.046151154647312557e+45
1.309999999999999787e+01 3.113954630109282817e+01 7.784886575273206688e+01 1.935614735859491976e+45
1.319999999999999751e+01 2.917106634969977819e+01 7.292766587424944191e+01 1.813255252380869265e+45
1.329999999999999716e+01 2.719254673281784562e+01 6.798136683204461406e+01 1.690271709570249267e+45
6.899999999999996803e+00 1.296915005237253382e+01 1.945372507855880073e+01 2.902155341532097754e+44
1.349999999999999645e+01 2.517383657787655693e+01 6.293459144469139233e+01 1.564789948032945299e+45
