5.000000000000000000e+00 2.059437752036092490e+02 1.029718876018046331e+03 5.120534540718739023e+46
5.099999999999999645e+00 2.172863919622398612e+02 1.086431959811199249e+03 5.402554528151141258e+46
5.199999999999999289e+00 2.287363350896140730e+02 1.143681675448070337e+03 5.687243051584391732e+46
5.299999999999998934e+00 2.400613160174486040e+02 1.200306580087242992e+03 5.968824546128836377e+46
5.399999999999998579e+00 2.513896726560336390e+02 1.256948363280168223e+03 6.250489973501456161e+46
5.499999999999998224e+00 2.627245840404112869e+02 1.313622920202056321e+03 6.532318376434775560e+46
5.599999999999997868e+00 2.739958138651986701e+02 1.369979069325993351e+03 6.812563416990832699e+46
5.699999999999997513e+00 2.740091123869112835e+02 1.370045561934556417e+03 6.812894068110065591e+46
5.799999999999997158e+00 2.850993133763581113e+02 1.425496566881790613e+03 7.088638052961423543e+46
5.899999999999996803e+00 2.959176665661103129e+02 1.479588332830551508e+03 7.357622882083124253e+46
5.999999999999996447e+00 3.065194626276021381e+02 1.532597313138010577e+03 7.621223288907042594e+46
6.099999999999996092e+00 3.166778087906199062e+02 1.583389043953099645e+03 7.873797868317774624e+46
6.199999999999995737e+00 3.265123287720389840e+02 1.632561643860194863e+03 8.118320914505783548e+46
6.299999999999995381e+00 3.358922671823840460e+02 1.679461335911920287e+03 8.351541358156000349e+46
6.399999999999995026e+00 3.446748035093930298e+02 1.723374017546965206e+03 8.569908145756670155e+46
6.499999999999994671e+00 3.529172367574057034e+02 1.764586183787028403e+03 8.774845945426944761e+46
6.599999999999994316e+00 3.607422218451099525e+02 1.803711109225549762e+03 8.969404418401352183e+46
6.699999999999993960e+00 3.679341752895786044e+02 1.839670876447893079e+03 9.148223350856260066e+46
6.799999999999993605e+00 3.679311095138249925e+02 1.839655547569125019e+03 9.148147124174365173e+46
6.899999999999993250e+00 3.745427635633422483e+02 1.872713817816711298e+03 9.312537637548050177e+46
6.999999999999992895e+00 3.806294019836275311e+02 1.903147009918137655e+03 9.463874293570418547e+46
