1.250000000000000000e+01 1.551584959437853968e+02 3.878962398594634919e+02 9.644555133805735318e+45
1.259999999999999964e+01 1.463575296641979833e+02 3.658938241604949440e+02 9.097492570470506131e+45
1.269999999999999929e+01 1.376786362455091535e+02 3.441965906137728552e+02 8.558017979873194496e+45
1.279999999999999893e+01 1.292339572993203944e+02 3.230848932483010003e+02 8.033102014502443394e+45
1.289999999999999858e+01 1.209148923868025349e+02 3.022872309670063373e+02 7.515994138955903216e+45
1.299999999999999822e+01 1.126967177981048138e+02 2.817417944952620132e+02 7.005157542881571098e+45
1.309999999999999787e+01 1.045906980296372240e+02 2.614767450740930599e+02 6.501292420335981316e+45
1.319999999999999751e+01 9.648140342061600450e+01 2.412035085515400112e+02 5.997223735748353196e+45
1.329999999999999716e+01 8.847021214838723324e+01 2.211755303709680902e+02 5.499253093261157549e+45
1.349999999999999645e+01 8.041598890933710209e+01 2.010399722733427552e+02 4.998607610611325336e+45
