6.000000000000000000e+00 3.554705290227128245e+01 1.421882116090851298e+02 5.656531434232624033e+45
6.099999999999999645e+00 3.834838048268478872e+01 1.533935219307391549e+02 6.102301089448664488e+45
6.199999999999999289e+00 4.118977608634411780e+01 1.647591043453764712e+02 6.554446689067766521e+45
6.299999999999998934e+00 4.409042783516388653e+01 1.763617113406555461e+02 7.016021600553958748e+45
6.399999999999998579e+00 4.684258891362199506e+01 1.873703556544879802e+02 7.453967488646839696e+45
6.499999999999998224e+00 4.977973591565969969e+01 1.991189436626387987e+02 7.921349816787096549e+45
6.599999999999997868e+00 5.259824267733591796e+01 2.103929707093436718e+02 8.369853160759109544e+45
6.699999999999997513e+00 5.523593352783970545e+01 2.209437341113588218e+02 8.789583630418076369e+45
6.799999999999997158e+00 5.524777790963420188e+01 2.209911116385368075e+02 8.791468403204270461e+45
6.899999999999996803e+00 5.786702415889803319e+01 2.314680966355921328e+02 9.208263820357124921e+45
6.999999999999996447e+00 6.030564218664142828e+01 2.412225687465657131e+02 9.596316229875876311e+45
7.099999999999996092e+00 6.255017058612617120e+01 2.502006823445046848e+02 9.953483545029084223e+45
7.199999999999995737e+00 6.457632885594632910e+01 2.583053154237853164e+02 1.027590205818902679e+46
7.299999999999995381e+00 6.641276976743480986e+01 2.656510790697392395e+02 1.056813122755236582e+46
7.399999999999995026e+00 6.755619546858062563e+01 2.702247818743225025e+02 1.075008227252429743e+46
7.499999999999994671e+00 6.826686050422574681e+01 2.730674420169029872e+02 1.086316897831643389e+46
7.599999999999994316e+00 6.822069668864526193e+01 2.728827867545810477e+02 1.085582302267074188e+46
7.699999999999993960e+00 6.813564172063713897e+01 2.725425668825485559e+02 1.084228839572154519e+46
7.799999999999993605e+00 6.746122776460795478e+01 2.698449110584318191e+02 1.073497025172653326e+46
7.899999999999993250e+00 6.733560411887356167e+01 2.693424164754942467e+02 1.071498001222811127e+46
7.999999999999992895e+00 6.601338590112825955e+01 2.640535436045130382e+02 1.050457807167473743e+46
