1.050000000000000000e+01 7.728738026681600104e+01 1.545747605336320021e+02 3.073681111529079627e+45
1.059999999999999964e+01 7.875883601023096503e+01 1.575176720204619301e+02 3.132200182939855262e+45
1.069999999999999929e+01 7.997098925300852557e+01 1.599419785060170511e+02 3.180406921397566944e+45
1.079999999999999893e+01 8.082988179116566130e+01 1.616597635823313226e+02 3.214564655328423535e+45
1.089999999999999858e+01 8.142514461617045640e+01 1.628502892323409128e+02 3.238237965192159169e+45
1.099999999999999822e+01 8.171940058168927123e+01 1.634388011633785425e+02 3.249940380257173867e+45
1.109999999999999787e+01 8.175351323940824955e+01 1.635070264788164991e+02 3.251297023881694929e+45
1.119999999999999751e+01 8.173708302414777904e+01 1.634741660482955581e+02 3.250643602299411566e+45
1.129999999999999716e+01 8.140880628990898060e+01 1.628176125798179612e+02 3.237588197990184705e+45
1.139999999999999680e+01 8.088974384014447594e+01 1.617794876802889519e+02 3.216945339582546688e+45
