1.050000000000000000e+01 1.238406944992651688e+02 3.715220834977955064e+02 1.108143793935857221e+46
1.059999999999999964e+01 1.245050919452617393e+02 3.735152758357852463e+02 1.114088914879056400e+46
1.069999999999999929e+01 1.250038620069112909e+02 3.750115860207338869e+02 1.118551978903792181e+46
1.079999999999999893e+01 1.252569173294399576e+02 3.757707519883198870e+02 1.120816353197851343e+46
1.089999999999999858e+01 1.253361152095026085e+02 3.760083456285078114e+02 1.121525026866382901e+46
1.099999999999999822e+01 1.251375071002026829e+02 3.754125213006080344e+02 1.119747853824549469e+46
1.109999999999999787e+01 1.247202581135978789e+02 3.741607743407936368e+02 1.116014251740826699e+46
1.119999999999999751e+01 1.247233873815339393e+02 3.741701621446018180e+02 1.116042252866441501e+46
1.129999999999999716e+01 1.240311912658339111e+02 3.720935737975017332e+02 1.109848385552462261e+46
1.139999999999999680e+01 1.230755271585312727e+02 3.692265814755938322e+02 1.101296969930346553e+46
