1.300000000000000000e+01 6.034590219576831061e+00 5.431131197619147422e+00 4.861378379332910193e+43
1.309999999999999964e+01 5.650708574602766099e+00 5.085637717142488690e+00 4.552128892425655184e+43
1.319999999999999929e+01 5.224429491102877243e+00 4.701986541992589252e+00 4.208724643804855158e+43
1.329999999999999893e+01 4.772114748060470646e+00 4.294903273254423226e+00 3.844346445373667049e+43
1.339999999999999858e+01 4.777704436604501836e+00 4.299933992944051653e+00 3.848849417414254910e+43
1.349999999999999822e+01 4.312437354557829394e+00 3.881193619102046188e+00 3.474037002490145226e+43
1.359999999999999787e+01 3.846128873066081866e+00 3.461515985759473502e+00 3.098385651273375219e+43
1.369999999999999751e+01 3.390660510724552879e+00 3.051594459652097413e+00 2.731466942862293219e+43
1.379999999999999716e+01 2.945013031700607353e+00 2.650511728530546396e+00 2.372459795649048690e+43
1.389999999999999680e+01 2.525373385887355049e+00 2.272836047298619100e+00 2.034404181756757136e+43
1.399999999999999645e+01 2.147525428910331158e+00 1.932772886019297864e+00 1.730015346411443000e+43
