1.350000000000000000e+01 3.673740652074529578e+01 1.102122195622358873e+02 3.288346888968650965e+45
1.359999999999999964e+01 3.518156982399648314e+01 1.055447094719894494e+02 3.149084724161013024e+45
1.369999999999999929e+01 3.359142585703857975e+01 1.007742775711157321e+02 3.006751732750594823e+45
1.379999999999999893e+01 3.199275365448993469e+01 9.597826096346980762e+01 2.863655383236566089e+45
1.389999999999999858e+01 3.045309365026674797e+01 9.135928095080024036e+01 2.725841186088551528e+45
1.399999999999999822e+01 2.900407458413297945e+01 8.701222375239893836e+01 2.596140213988450682e+45
1.409999999999999787e+01 2.729512432681499590e+01 8.188537298044498414e+01 2.443172930931046633e+45
1.419999999999999751e+01 2.557457858939758211e+01 7.672373576819273922e+01 2.289167742247682631e+45
1.429999999999999716e+01 2.394002905411291238e+01 7.182008716233873713e+01 2.142860030619119585e+45
1.439999999999999680e+01 2.247162992388505387e+01 6.741488977165516872e+01 2.011424358671988848e+45
1.449999999999999645e+01 2.240059065839457375e+01 6.720177197518371770e+01 2.005065669537568941e+45
1.459999999999999609e+01 2.065461977059702292e+01 6.196385931179106876e+01 1.848784688356254336e+45
1.469999999999999574e+01 1.906423530394251387e+01 5.719270591182754515e+01 1.706430169938242519e+45
1.479999999999999538e+01 1.731947443113496377e+01 5.195842329340489130e+01 1.550257496593674891e+45
1.489999999999999503e+01 1.591990107120031794e+01 4.775970321360095738e+01 1.424982384932604748e+45
1.499999999999999467e+01 1.442214629284541871e+01 4.326643887853625614e+01 1.290919103599446836e+45
