6.000000000000000000e+00 3.682843153725495711e+01 9.207107884313739987e+01 2.289232286586057132e+45
6.099999999999999645e+00 4.366882966774582542e+01 1.091720741693645635e+02 2.714427159128537753e+45
6.199999999999999289e+00 5.098713789391348428e+01 1.274678447347837107e+02 3.169328624524478062e+45
6.299999999999998934e+00 5.868482924421437730e+01 1.467120731105359539e+02 3.647812307802087639e+45
6.399999999999998579e+00 6.665309952488817657e+01 1.666327488122204272e+02 4.143115008279845827e+45
6.499999999999998224e+00 7.481702903639651936e+01 1.870425725909913126e+02 4.650579764259259331e+45
6.599999999999997868e+00 8.300303364355349345e+01 2.075075841088837478e+02 5.159416694387257664e+45
6.699999999999997513e+00 9.130703033152001069e+01 2.282675758288000338e+02 5.675587938513326456e+45
6.799999999999997158e+00 9.128037172126667542e+01 2.282009293031666743e+02 5.673930855961609985e+45
6.899999999999996803e+00 9.947398455223029146e+01 2.486849613805757144e+02 6.183240708526289318e+45
6.999999999999996447e+00 1.075963173190292963e+02 2.689907932975732479e+02 6.688119836852535568e+45
