1.019999999999999929e+01 2.096196258580492611e+01 5.030871020593182408e+01 1.200451601062398984e+45
1.029999999999999893e+01 1.957028272838425664e+01 4.696867854812221310e+01 1.120752751006332873e+45
1.039999999999999858e+01 1.822219648352287535e+01 4.373327156045490227e+01 1.043550423963256440e+45
1.049999999999999822e+01 1.697602407244971445e+01 4.074245777387931611e+01 9.721845077257373044e+44
1.059999999999999787e+01 1.573709274065349106e+01 3.776902257756837855e+01 9.012332742821520379e+44
1.069999999999999751e+01 1.455592001131434188e+01 3.493420802715441909e+01 8.335897657956599090e+44
1.079999999999999716e+01 1.339579888018699805e+01 3.214991731244879247e+01 7.671518421715029867e+44
1.089999999999999680e+01 1.223779480184670732e+01 2.937070752443209543e+01 7.008351581210430170e+44
1.099999999999999645e+01 1.113035055345813262e+01 2.671284132829951830e+01 6.374139390618276926e+44
1.109999999999999609e+01 1.008624057709349131e+01 2.420697738502437701e+01 5.776197529172087893e+44
