1.019999999999999929e+01 6.492683370028142775e+00 1.037530802530497098e+01 1.648938262931415713e+44
1.029999999999999893e+01 5.819302997232431274e+00 9.299246189577424104e+00 1.477920734595507376e+44
1.039999999999999858e+01 5.206925448248965083e+00 8.320666866301845488e+00 1.322396013254503610e+44
1.049999999999999822e+01 4.594085536236183209e+00 7.341348686905420529e+00 1.166753866182573042e+44
1.059999999999999787e+01 4.095451245485437930e+00 6.544531090285729213e+00 1.040116370655818598e+44
1.069999999999999751e+01 3.607271803034520108e+00 5.764420341249162583e+00 9.161340792122188076e+43
1.079999999999999716e+01 3.155501258613161664e+00 5.042491011263831702e+00 8.013985077533404600e+43
1.089999999999999680e+01 2.781153800768683571e+00 4.444283773628355583e+00 7.063259758445205110e+43
1.099999999999999645e+01 2.430633748703215247e+00 3.884152730427737676e+00 6.173048588678955638e+43
1.109999999999999609e+01 2.154062523606937063e+00 3.442191912723885139e+00 5.470644282945663000e+43
