6.000000000000000000e+00 3.685641930575926750e+01 9.214104826439816520e+01 2.290252615215513671e+45
6.099999999999999645e+00 4.366832461053938630e+01 1.091708115263484729e+02 2.713543434908224558e+45
6.199999999999999289e+00 5.101730931104154365e+01 1.275432732776038591e+02 3.170208291303371210e+45
6.299999999999998934e+00 5.871653339558169193e+01 1.467913334889542227e+02 3.648636972843602454e+45
6.399999999999998579e+00 6.664710518767711278e+01 1.666177629691927677e+02 4.141441567785974921e+45
6.499999999999998224e+00 7.479887457162169540e+01 1.869971864290542385e+02 4.647991349394723193e+45
6.599999999999997868e+00 8.305207891848635882e+01 2.076301972962158970e+02 5.160844285066670894e+45
6.699999999999997513e+00 9.125569403634928278e+01 2.281392350908731999e+02 5.670615753153131571e+45
6.799999999999997158e+00 9.130374447357070267e+01 2.282593611839267567e+02 5.673601600437851039e+45
6.899999999999996803e+00 9.956496435501233577e+01 2.489124108875308252e+02 6.186952620280019367e+45
