9.800000000000000711e+00 6.123940789835760512e+00 6.123940789835760512e+00 6.090565312531155336e+43
9.900000000000000355e+00 5.369819971078144683e+00 5.369819971078144683e+00 5.340554452235768611e+43
1.000000000000000000e+01 4.628517085219931104e+00 4.628517085219931104e+00 4.603291667105482039e+43
1.009999999999999964e+01 4.633200095219985215e+00 4.633200095219985215e+00 4.607949154701036055e+43
1.019999999999999929e+01 3.932151824071092427e+00 3.932151824071092427e+00 3.910721596629904867e+43
1.029999999999999893e+01 3.292728986271588276e+00 3.292728986271588276e+00 3.274783613296407933e+43
1.039999999999999858e+01 2.704103194714081226e+00 2.704103194714081226e+00 2.689365832302889430e+43
1.049999999999999822e+01 2.195145508652739608e+00 2.195145508652739608e+00 2.183181965630581887e+43
1.059999999999999787e+01 1.758765663267381152e+00 1.758765663267381152e+00 1.749180390402573786e+43
1.069999999999999751e+01 1.403504014186687243e+00 1.403504014186687243e+00 1.395854917309369649e+43
1.079999999999999716e+01 1.123807646608060651e+00 1.123807646608060651e+00 1.117682894934046670e+43
1.089999999999999680e+01 9.016109826403581051e-01 9.016109826403581051e-01 8.966972027849680970e+42
1.099999999999999645e+01 7.339333538946215540e-01 7.339333538946215540e-01 7.299334171158957506e+42
