6.000000000000000000e+00 1.124913172891370863e+02 3.374739518674112446e+02 1.006587984908032896e+46
6.099999999999999645e+00 1.198538339216480892e+02 3.595615017649442962e+02 1.072468809842481460e+46
6.199999999999999289e+00 1.273606562710938448e+02 3.820819688132815486e+02 1.139640902443808527e+46
6.299999999999998934e+00 1.348417991579966042e+02 4.045253974739898126e+02 1.206583211635379327e+46
6.399999999999998579e+00 1.421060525706009514e+02 4.263181577118028827e+02 1.271584763583253952e+46
6.499999999999998224e+00 1.493294230993222413e+02 4.479882692979667240e+02 1.336220489788335622e+46
6.599999999999997868e+00 1.562532901388606774e+02 4.687598704165820322e+02 1.398176217030700932e+46
6.699999999999997513e+00 1.629595956658185969e+02 4.888787869974557907e+02 1.458185173537160727e+46
6.799999999999997158e+00 1.628382988039020063e+02 4.885148964117059904e+02 1.457099792311706136e+46
6.899999999999996803e+00 1.692615485929753731e+02 5.077846457789261194e+02 1.514575926626373556e+46
6.999999999999996447e+00 1.752349154190052332e+02 5.257047462570156995e+02 1.568026445487978954e+46
7.099999999999996092e+00 1.805569642708222489e+02 5.416708928124667182e+02 1.615648880342779218e+46
7.199999999999995737e+00 1.855168828925743583e+02 5.565506486777230748e+02 1.660030923429223012e+46
7.299999999999995381e+00 1.899591574956163242e+02 5.698774724868490011e+02 1.699781015692707866e+46
7.399999999999995026e+00 1.938512083887011954e+02 5.815536251661035294e+02 1.734607629515356495e+46
7.499999999999994671e+00 1.972126094262988261e+02 5.916378282788964498e+02 1.764685914474953959e+46
7.599999999999994316e+00 2.000954583257536967e+02 6.002863749772610618e+02 1.790482048207106841e+46
7.699999999999993960e+00 2.024735476990910001e+02 6.074206430972730004e+02 1.811761523351718279e+46
7.799999999999993605e+00 2.044500435418289328e+02 6.133501306254868268e+02 1.829447483614829295e+46
7.899999999999993250e+00 2.043368411346049811e+02 6.130105234038148865e+02 1.828434532698080637e+46
