8.000000000000000000e+00 1.211992273908629514e+01 2.423984547817259028e+01 4.820033680494166179e+44
8.099999999999999645e+00 1.401778925962491940e+01 2.803557851924983879e+01 5.574805864031045772e+44
8.199999999999999289e+00 1.642209210758008808e+01 3.284418421516017617e+01 6.530985284868312939e+44
8.299999999999998934e+00 1.952089651877463439e+01 3.904179303754926877e+01 7.763364562588661980e+44
8.399999999999998579e+00 2.330233660870293022e+01 4.660467321740586044e+01 9.267224693267958233e+44
8.499999999999998224e+00 2.783376868637799006e+01 5.566753737275598013e+01 1.106935294981425758e+45
8.599999999999997868e+00 3.309546009887479556e+01 6.619092019774959113e+01 1.316190175318340415e+45
8.699999999999997513e+00 3.911825173118928944e+01 7.823650346237857889e+01 1.555713637169573539e+45
8.799999999999997158e+00 4.575900197314602735e+01 9.151800394629205471e+01 1.819813009080209573e+45
8.899999999999996803e+00 5.291959347094131516e+01 1.058391869418826303e+02 2.104586212133115028e+45
8.999999999999996447e+00 5.298646277982832231e+01 1.059729255596566446e+02 2.107245571668364148e+45
9.099999999999996092e+00 6.045835888648149137e+01 1.209167177729629827e+02 2.404399205949176668e+45
9.199999999999995737e+00 6.846838481749867356e+01 1.369367696349973471e+02 2.722953998750150409e+45
9.299999999999995381e+00 7.669462303297062533e+01 1.533892460659412507e+02 3.050107447793772650e+45
9.399999999999995026e+00 8.489863880173781752e+01 1.697972776034756350e+02 3.376377121058572800e+45
9.499999999999994671e+00 9.325810930090779038e+01 1.865162186018155808e+02 3.708829152515451977e+45
9.599999999999994316e+00 1.013366247630990955e+02 2.026732495261981910e+02 4.030107740295381494e+45
