6.000000000000000000e+00 2.438218913454683729e+02 4.876437826909367459e+02 9.696676733234238511e+45
6.099999999999999645e+00 2.636197347398299939e+02 5.272394694796599879e+02 1.048402723056229439e+46
6.199999999999999289e+00 2.840450567193207689e+02 5.680901134386415379e+02 1.129633224269395910e+46
6.299999999999998934e+00 3.048766637194975715e+02 6.097533274389951430e+02 1.212479501033070864e+46
6.399999999999998579e+00 3.259750458517881384e+02 6.519500917035762768e+02 1.296386729380009557e+46
6.499999999999998224e+00 3.469908762989456363e+02 6.939817525978912727e+02 1.379965653734184608e+46
6.599999999999997868e+00 3.677581697409817707e+02 7.355163394819635414e+02 1.462556158639388553e+46
6.699999999999997513e+00 3.876706633913410087e+02 7.753413267826820174e+02 1.541747166803020965e+46
6.799999999999997158e+00 3.876685345874062136e+02 7.753370691748124273e+02 1.541738700654444203e+46
6.899999999999996803e+00 4.068479098053434200e+02 8.136958196106868400e+02 1.618014132859271782e+46
6.999999999999996447e+00 4.249283511614980284e+02 8.498567023229960569e+02 1.689919159129624652e+46
7.099999999999996092e+00 4.417527636112690175e+02 8.835055272225380349e+02 1.756829020197381751e+46
7.199999999999995737e+00 4.573610659605882915e+02 9.147221319211765831e+02 1.818902471190953849e+46
7.299999999999995381e+00 4.712939733146470189e+02 9.425879466292940378e+02 1.874312958666413452e+46
7.399999999999995026e+00 4.841406826842859346e+02 9.682813653685718691e+02 1.925403690165455790e+46
7.499999999999994671e+00 4.955852014659412816e+02 9.911704029318825633e+02 1.970917978640850327e+46
7.599999999999994316e+00 5.059934080152128786e+02 1.011986816030425757e+03 2.012310904322826511e+46
7.699999999999993960e+00 5.153001668290082762e+02 1.030600333658016552e+03 2.049323426518253848e+46
7.799999999999993605e+00 5.235040635746877342e+02 1.047008127149375468e+03 2.081949920495766347e+46
7.899999999999993250e+00 5.235588028827240805e+02 1.047117605765448161e+03 2.082167616032332057e+46
