1.100000000000000000e+01 1.534754700125262517e+01 1.534754700125262517e+01 1.525910994886874694e+44
1.109999999999999964e+01 1.723115666235744214e+01 1.723115666235744214e+01 1.713186570046891789e+44
1.119999999999999929e+01 1.731708108712320282e+01 1.731708108712320282e+01 1.721729500358081131e+44
1.129999999999999893e+01 1.918709467742568009e+01 1.918709467742568009e+01 1.907653302891315611e+44
1.139999999999999858e+01 2.102842695890054614e+01 2.102842695890054614e+01 2.090725501550379049e+44
1.149999999999999822e+01 2.271062535043736830e+01 2.271062535043736830e+01 2.257976008814995903e+44
1.159999999999999787e+01 2.427016877382233417e+01 2.427016877382233417e+01 2.413031696642660512e+44
1.169999999999999751e+01 2.573456797003247942e+01 2.573456797003247942e+01 2.558627786637901001e+44
1.179999999999999716e+01 2.682451614413512075e+01 2.682451614413512075e+01 2.666994544047691108e+44
1.189999999999999680e+01 2.755176079931135291e+01 2.755176079931135291e+01 2.739299949935391173e+44
