6.000000000000000000e+00 3.254558714547348330e+01 1.301823485818939332e+02 5.177287993321530788e+45
6.099999999999999645e+00 3.525372372806928922e+01 1.410148949122771569e+02 5.608093034591099724e+45
6.199999999999999289e+00 3.804690530990804120e+01 1.521876212396321648e+02 6.052426867076033146e+45
6.299999999999998934e+00 4.098506057488991416e+01 1.639402422995596567e+02 6.519822827945056025e+45
6.399999999999998579e+00 4.393301025407969718e+01 1.757320410163187887e+02 6.988776864962884436e+45
6.499999999999998224e+00 4.699152222004905610e+01 1.879660888801962244e+02 7.475318933110692393e+45
6.599999999999997868e+00 5.007920832580225579e+01 2.003168333032090231e+02 7.966501966036405388e+45
6.699999999999997513e+00 5.321174089144870578e+01 2.128469635657948231e+02 8.464819085599131131e+45
6.799999999999997158e+00 5.321166101267107251e+01 2.128466440506842901e+02 8.464806378640288759e+45
6.899999999999996803e+00 5.637973041400956475e+01 2.255189216560382590e+02 8.968776628132018388e+45
6.999999999999996447e+00 5.958422047352748052e+01 2.383368818941099221e+02 9.478540604295765713e+45
7.099999999999996092e+00 6.279285407171303746e+01 2.511714162868521498e+02 9.988963726441361792e+45
7.199999999999995737e+00 6.590739631400741416e+01 2.636295852560296566e+02 1.048441898074812268e+46
7.299999999999995381e+00 6.894918979688830518e+01 2.757967591875532207e+02 1.096830150548767768e+46
7.399999999999995026e+00 7.175942042605973370e+01 2.870376817042389348e+02 1.141534746689068772e+46
7.499999999999994671e+00 7.443185779402543290e+01 2.977274311761017316e+02 1.184047354730914896e+46
7.599999999999994316e+00 7.681248910127781926e+01 3.072499564051112770e+02 1.221917969350560355e+46
7.699999999999993960e+00 7.892666313380141219e+01 3.157066525352056487e+02 1.255549834049916144e+46
7.799999999999993605e+00 8.080928267670489618e+01 3.232371307068195847e+02 1.285498175469905848e+46
7.899999999999993250e+00 8.081479076681540619e+01 3.232591630672616247e+02 1.285585797084067390e+46
