8.000000000000000000e+00 4.285428706872782101e+00 4.285428706872782101e+00 4.260734813900429724e+43
8.099999999999999645e+00 4.689357548826471600e+00 4.689357548826471600e+00 4.662336099785888537e+43
8.199999999999999289e+00 5.114093010931826555e+00 5.114093010931826555e+00 5.084624111995280732e+43
8.299999999999998934e+00 5.549186103572203876e+00 5.549186103572203876e+00 5.517210071044696765e+43
8.399999999999998579e+00 6.046351698867778346e+00 6.046351698867778346e+00 6.011510852843298039e+43
8.499999999999998224e+00 6.639899966909470486e+00 6.639899966909470486e+00 6.601638922252017635e+43
8.599999999999997868e+00 7.344077857969192102e+00 7.344077857969192102e+00 7.301759134450476491e+43
8.699999999999997513e+00 8.225760064024035145e+00 8.225760064024035145e+00 8.178360829891053585e+43
8.799999999999997158e+00 9.409160214445403625e+00 9.409160214445403625e+00 9.354941882701229620e+43
8.899999999999996803e+00 1.092384337904478109e+01 1.092384337904478109e+01 1.086089700011745034e+44
8.999999999999996447e+00 1.092408675521398820e+01 1.092408675521398820e+01 1.086113897388202353e+44
9.099999999999996092e+00 1.296470579290781266e+01 1.296470579290781266e+01 1.288999936814459923e+44
9.199999999999995737e+00 1.558120358297389885e+01 1.558120358297389885e+01 1.549142013306109731e+44
9.299999999999995381e+00 1.880749141021775728e+01 1.880749141021775728e+01 1.869911714670066263e+44
9.399999999999995026e+00 2.294279643339813646e+01 2.294279643339813646e+01 2.281059333345991881e+44
9.499999999999994671e+00 2.757763830993766518e+01 2.757763830993766518e+01 2.741872789619919981e+44
9.599999999999994316e+00 3.292638360347200432e+01 3.292638360347200432e+01 3.273665215574851679e+44
