6.000000000000000000e+00 1.155168187644808242e+01 2.310336375289616484e+01 4.594047083424841208e+44
6.099999999999999645e+00 1.490038370986025384e+01 2.980076741972050769e+01 5.925809337232415745e+44
6.199999999999999289e+00 1.878892544359588612e+01 3.757785088719177224e+01 7.472263265042348125e+44
6.299999999999998934e+00 2.329250869381831279e+01 4.658501738763662559e+01 9.263316179841538753e+44
6.399999999999998579e+00 2.835517951340068876e+01 5.671035902680137752e+01 1.127671547197941094e+45
6.499999999999998224e+00 3.400299334685946206e+01 6.800598669371892413e+01 1.352282326362730121e+45
6.599999999999997868e+00 4.011744573639951739e+01 8.023489147279903477e+01 1.595451091459849280e+45
6.699999999999997513e+00 4.665845360579201895e+01 9.331690721158403790e+01 1.855583758256255687e+45
6.799999999999997158e+00 4.665032071715063466e+01 9.330064143430126933e+01 1.855260317273874242e+45
6.899999999999996803e+00 5.341573978156295510e+01 1.068314795631259102e+02 2.124317706954752002e+45
