1.100000000000000000e+01 2.121299564045707697e+01 3.181949346068561368e+01 4.746911583198731341e+44
1.109999999999999964e+01 2.009333062710357609e+01 3.013999594065536414e+01 4.496359944416818002e+44
1.119999999999999929e+01 1.995218298107960209e+01 2.992827447161940313e+01 4.464774806362361257e+44
1.129999999999999893e+01 1.680939995079003779e+01 2.521409992618505669e+01 3.761502462238101785e+44
1.139999999999999858e+01 1.305068042848755994e+01 1.957602064273133990e+01 2.920399699534267866e+44
1.149999999999999822e+01 9.283512897261884333e+00 1.392526934589282561e+01 2.077406494193656615e+44
1.159999999999999787e+01 6.701579758136926301e+00 1.005236963720538945e+01 1.499637633402392883e+44
1.169999999999999751e+01 5.195414058890510667e+00 7.793121088335766444e+00 1.162597286760650385e+44
1.179999999999999716e+01 3.738552447376024102e+00 5.607828671064035930e+00 8.365899007210105920e+43
1.189999999999999680e+01 4.935554363182200532e+00 7.403331544773300799e+00 1.104447508178142872e+44
1.199999999999999645e+01 7.769237445372030315e+00 1.165385616805804503e+01 1.738551397791319424e+44
