8.500000000000000000e+00 8.826155253724289196e+01 1.323923288058643379e+02 1.974441682573688741e+45
8.599999999999999645e+00 8.429919759744169028e+01 1.264487963961625354e+02 1.885802421996507296e+45
8.699999999999999289e+00 7.972628485463087600e+01 1.195894272819463140e+02 1.783504770633891904e+45
8.799999999999998934e+00 7.459225117312931275e+01 1.118883767596939691e+02 1.668654648365573553e+45
8.899999999999998579e+00 6.900352497596074386e+01 1.035052874639411158e+02 1.543632896096657125e+45
8.999999999999998224e+00 6.902278765009498329e+01 1.035341814751424749e+02 1.544063808828589902e+45
9.099999999999997868e+00 6.321812958311450359e+01 9.482719437467176249e+01 1.414211585396447260e+45
9.199999999999997513e+00 5.745030029772044600e+01 8.617545044658066900e+01 1.285183234640370894e+45
9.299999999999997158e+00 5.199683554415965858e+01 7.799525331623948432e+01 1.163187327993097679e+45
9.399999999999996803e+00 4.681646576745421129e+01 7.022469865118131338e+01 1.047300651130527970e+45
