1.300000000000000000e+01 1.919862717046695622e+01 2.687807803865373657e+01 3.742422951868029696e+44
1.309999999999999964e+01 1.807610146730932499e+01 2.530654205423305214e+01 3.523606996005246728e+44
1.319999999999999929e+01 1.662999110010094128e+01 2.328198754014131566e+01 3.241714099126655972e+44
1.329999999999999893e+01 1.510371026615569789e+01 2.114519437261797563e+01 2.944193428860208562e+44
1.339999999999999858e+01 1.507545155262272729e+01 2.110563217367181821e+01 2.938684906965542621e+44
1.349999999999999822e+01 1.336111483851989767e+01 1.870556077392785710e+01 2.604506165479392185e+44
1.359999999999999787e+01 1.161903225688406671e+01 1.626664515963769375e+01 2.264918872092472932e+44
1.369999999999999751e+01 9.906142549097715744e+00 1.386859956873680133e+01 1.931022198152205914e+44
1.379999999999999716e+01 8.312336922329858879e+00 1.163727169126180172e+01 1.620338798476219165e+44
1.389999999999999680e+01 6.803236405061266368e+00 9.524530967085771849e+00 1.326167118264121455e+44
1.399999999999999645e+01 5.527914234110705038e+00 7.739079927754986876e+00 1.077566271900820884e+44
