6.000000000000000000e+00 3.603722989353543937e+01 9.009307473383859133e+01 2.240051686913479230e+45
6.099999999999999645e+00 4.241308355379872097e+01 1.060327088844967989e+02 2.636370765526907354e+45
6.199999999999999289e+00 4.906746022628304615e+01 1.226686505657076225e+02 3.050002660503112276e+45
6.299999999999998934e+00 5.611570942043040588e+01 1.402892735510760076e+02 3.488117425255565644e+45
6.399999999999998579e+00 6.339451236827059688e+01 1.584862809206765064e+02 3.940563267241470152e+45
6.499999999999998224e+00 7.077032630403614633e+01 1.769258157600903587e+02 4.399039251604945986e+45
6.599999999999997868e+00 7.805748416385296196e+01 1.951437104096324049e+02 4.852004429697497484e+45
6.699999999999997513e+00 8.561808159840225585e+01 2.140452039960056254e+02 5.321966440855684930e+45
6.799999999999997158e+00 8.561340670289035870e+01 2.140335167572258968e+02 5.321675852272474844e+45
6.899999999999996803e+00 9.303575799367544619e+01 2.325893949841886297e+02 5.783044569538120131e+45
6.999999999999996447e+00 1.002035744833395938e+02 2.505089362083489846e+02 6.228591562650336606e+45
