8.000000000000000000e+00 5.234088779574032202e+01 1.570226633872209732e+02 4.685006696152818236e+45
8.099999999999999645e+00 5.995828192532696477e+01 1.798748457759809014e+02 5.366835835995053428e+45
8.199999999999999289e+00 6.806094500004900283e+01 2.041828350001470085e+02 6.092101156481886657e+45
8.299999999999998934e+00 7.647722371071310477e+01 2.294316711321393143e+02 6.845438055734074408e+45
8.399999999999998579e+00 8.520497021473337895e+01 2.556149106442001369e+02 7.626654281435677647e+45
8.499999999999998224e+00 9.406201161305997971e+01 2.821860348391799107e+02 8.419443628479191225e+45
8.599999999999997868e+00 1.028837785612478228e+02 3.086513356837434685e+02 9.209075577128011662e+45
8.699999999999997513e+00 1.115967119092952089e+02 3.347901357278856267e+02 9.988965884645058707e+45
8.799999999999997158e+00 1.200730188338721121e+02 3.602190565016163646e+02 1.074767587931047458e+46
8.899999999999996803e+00 1.284139308743552306e+02 3.852417926230656917e+02 1.149426674559809927e+46
8.999999999999996447e+00 1.283397897913229428e+02 3.850193693739688570e+02 1.148763041432642179e+46
9.099999999999996092e+00 1.362623150017792000e+02 4.087869450053375999e+02 1.219677168465175425e+46
9.199999999999995737e+00 1.435415839566061891e+02 4.306247518698185672e+02 1.284833540916384010e+46
9.299999999999995381e+00 1.504960439489394730e+02 4.514881318468184190e+02 1.347082564584759655e+46
9.399999999999995026e+00 1.566086049506163249e+02 4.698258148518489747e+02 1.401795792482719094e+46
9.499999999999994671e+00 1.621938685703835290e+02 4.865816057111505870e+02 1.451789207880074430e+46
9.599999999999994316e+00 1.670973210815940320e+02 5.012919632447820959e+02 1.495679766135294174e+46
9.699999999999993960e+00 1.719549960636969956e+02 5.158649881910910153e+02 1.539160572016348488e+46
