1.250000000000000000e+01 2.770978553484025397e+01 4.156467830226038274e+01 6.200722620826958681e+44
1.259999999999999964e+01 2.582777318804506450e+01 3.874165978206760030e+01 5.779577660438298507e+44
1.269999999999999929e+01 2.394224934455513321e+01 3.591337401683269803e+01 5.357646919266144146e+44
1.279999999999999893e+01 2.209146378593948867e+01 3.313719567890923656e+01 4.943489694368875832e+44
1.289999999999999858e+01 2.021790845907673173e+01 3.032686268861509760e+01 4.524237193044321666e+44
1.299999999999999822e+01 1.840494444386246187e+01 2.760741666579369280e+01 4.118543436744766848e+44
1.309999999999999787e+01 1.666864951970908137e+01 2.500297427956362384e+01 3.730006210460999577e+44
1.319999999999999751e+01 1.499668691847361401e+01 2.249503037771042102e+01 3.355864869322784631e+44
1.329999999999999716e+01 1.339253761007302046e+01 2.008880641510953069e+01 2.996898363022077330e+44
1.339999999999999680e+01 1.338168144124201575e+01 2.007252216186302363e+01 2.994469037412130332e+44
1.349999999999999645e+01 1.188386649051937738e+01 1.782579973577906429e+01 2.659297369082860305e+44
