1.100000000000000000e+01 3.186997162451444865e+01 4.780495743677167297e+01 7.129423694573012301e+44
1.109999999999999964e+01 3.484132961457154920e+01 5.226199442185732380e+01 7.794126829830186866e+44
1.119999999999999929e+01 3.489748659195287672e+01 5.234622988792931153e+01 7.806689341333965263e+44
1.129999999999999893e+01 3.788519536767682894e+01 5.682779305151524341e+01 8.475050204314637830e+44
1.139999999999999858e+01 4.067398690300603903e+01 6.101098035450905854e+01 9.098912587546478364e+44
1.149999999999999822e+01 4.303370356926277651e+01 6.455055535389416832e+01 9.626789427573189710e+44
1.159999999999999787e+01 4.524690172807538602e+01 6.787035259211307903e+01 1.012188956698112282e+45
1.169999999999999751e+01 4.689276259891084209e+01 7.033914389836625958e+01 1.049007437833749788e+45
1.179999999999999716e+01 4.815296129245070489e+01 7.222944193867606089e+01 1.077198521689884017e+45
1.189999999999999680e+01 4.906040262008536956e+01 7.359060393012805434e+01 1.097498300362096527e+45
