8.000000000000000000e+00 3.348959924844146485e+02 1.004687977453244002e+03 2.996696014877368024e+46
8.099999999999999645e+00 3.380568560812246233e+02 1.014170568243673870e+03 3.024979862868090464e+46
8.199999999999999289e+00 3.403541023008953061e+02 1.021062306902685918e+03 3.045535942206661899e+46
8.299999999999998934e+00 3.416759142364065838e+02 1.025027742709219638e+03 3.057363699625253617e+46
8.399999999999998579e+00 3.419562012883944817e+02 1.025868603865183559e+03 3.059871747229773316e+46
8.499999999999998224e+00 3.413117650771453100e+02 1.023935295231435930e+03 3.054105242197071848e+46
8.599999999999997868e+00 3.396385730128640716e+02 1.018915719038592215e+03 3.039133286414741602e+46
8.699999999999997513e+00 3.368670119608182745e+02 1.010601035882454880e+03 3.014332971851283754e+46
8.799999999999997158e+00 3.332112279696919472e+02 9.996336839090758986e+02 2.981620507195647462e+46
8.899999999999996803e+00 3.282932088694264507e+02 9.848796266082792954e+02 2.937613386866960991e+46
8.999999999999996447e+00 3.282751742200201761e+02 9.848255226600605283e+02 2.937452010310602511e+46
9.099999999999996092e+00 3.223637487347894535e+02 9.670912462043684172e+02 2.884555751199171831e+46
9.199999999999995737e+00 3.153869286197262909e+02 9.461607858591788727e+02 2.822126192456992903e+46
9.299999999999995381e+00 3.075121441059382050e+02 9.225364323178146151e+02 2.751661523126603313e+46
9.399999999999995026e+00 2.984276266972784128e+02 8.952828800918352954e+02 2.670371995253612250e+46
