8.000000000000000000e+00 4.280683018543346208e+00 4.280683018543346208e+00 4.257353296092284647e+43
8.099999999999999645e+00 4.684080157900917030e+00 4.684080157900917030e+00 4.658551921040356203e+43
8.199999999999999289e+00 5.098967950940270555e+00 5.098967950940270555e+00 5.071178575607645438e+43
8.299999999999998934e+00 5.547833963714678518e+00 5.547833963714678518e+00 5.517598268612433077e+43
8.399999999999998579e+00 6.042777624283896643e+00 6.042777624283896643e+00 6.009844486231549252e+43
8.499999999999998224e+00 6.638014331541770119e+00 6.638014331541770119e+00 6.601837153434866658e+43
8.599999999999997868e+00 7.333149208313240131e+00 7.333149208313240131e+00 7.293183545127932194e+43
8.699999999999997513e+00 8.254517973461606317e+00 8.254517973461606317e+00 8.209530850506239456e+43
8.799999999999997158e+00 9.397029873413332623e+00 9.397029873413332623e+00 9.345816060603229785e+43
8.899999999999996803e+00 1.094025898536256847e+01 1.094025898536256847e+01 1.088063457389234077e+44
8.999999999999996447e+00 1.091814308685152923e+01 1.091814308685152923e+01 1.085863920702818846e+44
9.099999999999996092e+00 1.293612866899828262e+01 1.293612866899828262e+01 1.286562676775224030e+44
9.199999999999995737e+00 1.557362108549528301e+01 1.557362108549528301e+01 1.548874485057933174e+44
9.299999999999995381e+00 1.887043858208181746e+01 1.887043858208181746e+01 1.876759469180947054e+44
9.399999999999995026e+00 2.289029209170408308e+01 2.289029209170408308e+01 2.276553999980429459e+44
9.499999999999994671e+00 2.756503415754299269e+01 2.756503415754299269e+01 2.741480472138437956e+44
9.599999999999994316e+00 3.301767207841937335e+01 3.301767207841937335e+01 3.283772576559198664e+44
9.699999999999993960e+00 3.889006204351720442e+01 3.889006204351720442e+01 3.867811120538002934e+44
