6.000000000000000000e+00 2.504281032023600062e+01 2.504281032023600062e+01 2.490632700399071171e+44
6.099999999999999645e+00 2.884433652046677565e+01 2.884433652046677565e+01 2.868713488643022977e+44
6.199999999999999289e+00 3.202289752454190364e+01 3.202289752454190364e+01 3.184837273303314783e+44
6.299999999999998934e+00 3.614489023685028002e+01 3.614489023685028002e+01 3.594790058505944193e+44
6.399999999999998579e+00 3.882871955024841526e+01 3.882871955024841526e+01 3.861710302869956122e+44
6.499999999999998224e+00 4.172745937737948907e+01 4.172745937737948907e+01 4.150004472377277042e+44
6.599999999999997868e+00 4.273867287627680867e+01 4.273867287627680867e+01 4.250574710910109285e+44
6.699999999999997513e+00 4.284376771302716236e+01 4.284376771302716236e+01 4.261026917899115717e+44
6.799999999999997158e+00 4.278477085660795609e+01 4.278477085660795609e+01 4.255159385543943950e+44
6.899999999999996803e+00 4.254036771341520051e+01 4.254036771341520051e+01 4.230852270937708690e+44
6.999999999999996447e+00 3.976086014490871889e+01 3.976086014490871889e+01 3.954416345711896040e+44
7.099999999999996092e+00 3.475903701534245016e+01 3.475903701534245016e+01 3.456960026360883083e+44
7.199999999999995737e+00 2.926836173832137433e+01 2.926836173832137433e+01 2.910884916684752167e+44
7.299999999999995381e+00 2.331253973517160460e+01 2.331253973517160460e+01 2.318548639361491671e+44
7.399999999999995026e+00 1.679747958375756411e+01 1.679747958375756411e+01 1.670593332002608315e+44
7.499999999999994671e+00 1.144638129889316502e+01 1.144638129889316502e+01 1.138399852081419703e+44
7.599999999999994316e+00 7.729594896631500234e+00 7.729594896631500234e+00 7.687468604444857856e+43
7.699999999999993960e+00 5.658379292255317772e+00 5.658379292255317772e+00 5.627541125112525708e+43
7.799999999999993605e+00 2.829812043520306464e+00 2.829812043520306464e+00 2.814389567883120614e+43
7.899999999999993250e+00 2.821562024966338456e+00 2.821562024966338456e+00 2.806184511930271611e+43
7.999999999999992895e+00 1.807840102425711803e+00 1.807840102425711803e+00 1.797987373867491563e+43
