6.000000000000000000e+00 1.159092243785081067e+01 2.318184487570162133e+01 4.611100764225809295e+44
6.099999999999999645e+00 1.490730072399029993e+01 2.981460144798059986e+01 5.930422374017820853e+44
6.199999999999999289e+00 1.881121557123175592e+01 3.762243114246351183e+01 7.483477778547416183e+44
6.299999999999998934e+00 2.327590516799223508e+01 4.655181033598447016e+01 9.259620593930669926e+44
6.399999999999998579e+00 2.831575738215189730e+01 5.663151476430379461e+01 1.126457460176766654e+45
6.499999999999998224e+00 3.398178051106408759e+01 6.796356102212817518e+01 1.351863192291151474e+45
6.599999999999997868e+00 4.010349841627150624e+01 8.020699683254301249e+01 1.595397373996112909e+45
6.699999999999997513e+00 4.660643198087858252e+01 9.321286396175716504e+01 1.854097077063311507e+45
6.799999999999997158e+00 4.659344047607039840e+01 9.318688095214079681e+01 1.853580249019032554e+45
6.899999999999996803e+00 5.339852084107373287e+01 1.067970416821474657e+02 2.124299956099595126e+45
6.999999999999996447e+00 6.016452288085972100e+01 1.203290457617194420e+02 2.393465049246361078e+45
