6.000000000000000000e+00 1.201574038835480884e+01 4.205509135924182829e+01 1.463906188896688574e+45
6.099999999999999645e+00 1.321864677364187024e+01 4.626526370774654850e+01 1.610459130718876251e+45
6.199999999999999289e+00 1.448712548856894067e+01 5.070493920999129500e+01 1.765000905195389247e+45
6.299999999999998934e+00 1.577564185022035836e+01 5.521474647577125694e+01 1.921983913761740247e+45
6.399999999999998579e+00 1.712492112921247767e+01 5.993722395224367006e+01 2.086369812859637962e+45
6.499999999999998224e+00 1.850178284294303310e+01 6.475623995030061053e+01 2.254116145490001461e+45
6.599999999999997868e+00 1.993209148236795514e+01 6.976232018828784476e+01 2.428374044014158514e+45
6.699999999999997513e+00 2.138893948838319758e+01 7.486128820934119688e+01 2.605865296601009789e+45
6.799999999999997158e+00 2.141180623294446406e+01 7.494132181530562775e+01 2.608651206399427333e+45
6.899999999999996803e+00 2.294878480071727012e+01 8.032074680251044185e+01 2.795904955635286867e+45
6.999999999999996447e+00 2.454116938458764352e+01 8.589409284605675055e+01 2.989908951401600799e+45
7.099999999999996092e+00 2.613988185657881047e+01 9.148958649802582954e+01 3.184683888806405312e+45
7.199999999999995737e+00 2.778740267253821017e+01 9.725590935388373737e+01 3.385405262676676785e+45
7.299999999999995381e+00 2.947188860395523946e+01 1.031516101138433328e+02 3.590630184355301319e+45
7.399999999999995026e+00 3.114600925032960532e+01 1.090110323761536222e+02 3.794592278739625599e+45
7.499999999999994671e+00 3.284148169609299828e+01 1.149451859363254869e+02 4.001155713554038214e+45
7.599999999999994316e+00 3.448870690501968994e+01 1.207104741675689183e+02 4.201841072917447999e+45
7.699999999999993960e+00 3.618021546535498345e+01 1.266307541287424385e+02 4.407921578155927621e+45
7.799999999999993605e+00 3.773833436496624927e+01 1.320841702773818724e+02 4.597750904227954828e+45
7.899999999999993250e+00 3.774279601866587086e+01 1.320997860653305338e+02 4.598294478094606724e+45
7.999999999999992895e+00 3.929445948548972467e+01 1.375306081992140435e+02 4.787337323458490993e+45
