6.000000000000000000e+00 8.448853959432230454e+01 8.448853959432230454e+01 8.400169193056662430e+44
6.099999999999999645e+00 9.390425487692533579e+01 9.390425487692533579e+01 9.336315110920649746e+44
6.199999999999999289e+00 1.036803417973784178e+02 1.036803417973784178e+02 1.030829053589713778e+45
6.299999999999998934e+00 1.135956414757408766e+02 1.135956414757408766e+02 1.129410701820383534e+45
6.399999999999998579e+00 1.235531866302196704e+02 1.235531866302196704e+02 1.228412370504386149e+45
6.499999999999998224e+00 1.336137256967667781e+02 1.336137256967667781e+02 1.328438043498775630e+45
6.599999999999997868e+00 1.436218639643898598e+02 1.436218639643898598e+02 1.427942727991142557e+45
6.699999999999997513e+00 1.533921326386908959e+02 1.533921326386908959e+02 1.525082423291622343e+45
6.799999999999997158e+00 1.534474927560070228e+02 1.534474927560070228e+02 1.525632834452989381e+45
6.899999999999996803e+00 1.630667660662249432e+02 1.630667660662249432e+02 1.621271276906922720e+45
6.999999999999996447e+00 1.725745115827853056e+02 1.725745115827853056e+02 1.715800867981781278e+45
7.099999999999996092e+00 1.820440619968728129e+02 1.820440619968728129e+02 1.809950708945372031e+45
7.199999999999995737e+00 1.913871968383920716e+02 1.913871968383920716e+02 1.902843678618123537e+45
7.299999999999995381e+00 2.000960582587111674e+02 2.000960582587111674e+02 1.989430462767580213e+45
7.399999999999995026e+00 2.079808322216028103e+02 2.079808322216028103e+02 2.067823858671122149e+45
7.499999999999994671e+00 2.148985435838553997e+02 2.148985435838553997e+02 2.136602353542345220e+45
7.599999999999994316e+00 2.204413523798438632e+02 2.204413523798438632e+02 2.191711048656060582e+45
7.699999999999993960e+00 2.241997614262399168e+02 2.241997614262399168e+02 2.229078568603775682e+45
7.799999999999993605e+00 2.263443400789075213e+02 2.263443400789075213e+02 2.250400778239218372e+45
7.899999999999993250e+00 2.263183260903745122e+02 2.263183260903745122e+02 2.250142137355954436e+45
