9.800000000000000711e+00 1.323755430444887438e+01 1.323755430444887438e+01 1.316540963348962679e+44
9.900000000000000355e+00 1.068629770677566881e+01 1.068629770677566881e+01 1.062805738427374093e+44
1.000000000000000000e+01 8.364749743110554192e+00 8.364749743110554192e+00 8.319161857010600763e+43
1.009999999999999964e+01 8.351225169650176028e+00 8.351225169650176028e+00 8.305710992475582133e+43
1.019999999999999929e+01 6.321796992618786248e+00 6.321796992618786248e+00 6.287343199009013616e+43
1.029999999999999893e+01 4.612987622329216109e+00 4.612987622329216109e+00 4.587846839787521064e+43
1.039999999999999858e+01 3.270961554327770582e+00 3.270961554327770582e+00 3.253134813856684007e+43
1.049999999999999822e+01 2.282280037550560525e+00 2.282280037550560525e+00 2.269841611345909586e+43
1.059999999999999787e+01 1.574802721633827840e+00 1.574802721633827840e+00 1.566220046800923358e+43
1.069999999999999751e+01 1.105635401537161666e+00 1.105635401537161666e+00 1.099609688598783987e+43
1.079999999999999716e+01 7.881207248692065903e-01 7.881207248692065903e-01 7.838254669186693546e+42
1.089999999999999680e+01 5.628866432170267498e-01 5.628866432170267498e-01 5.598189110114939412e+42
1.099999999999999645e+01 3.942996216875697124e-01 3.942996216875697124e-01 3.921506887493724406e+42
