9.800000000000000711e+00 1.323541190678592905e+01 1.323541190678592905e+01 1.315914559425878172e+44
9.900000000000000355e+00 1.068292323510807584e+01 1.068292323510807584e+01 1.062136510847851852e+44
1.000000000000000000e+01 8.358302886145402510e+00 8.358302886145402510e+00 8.310139901524991487e+43
1.009999999999999964e+01 8.348637488846627264e+00 8.348637488846627264e+00 8.300530199070946707e+43
1.019999999999999929e+01 6.330835990053204299e+00 6.330835990053204299e+00 6.294355862379356682e+43
1.029999999999999893e+01 4.624856652580758620e+00 4.624856652580758620e+00 4.598206876559949790e+43
1.039999999999999858e+01 3.270246756002375133e+00 3.270246756002375133e+00 3.251402638200019747e+43
1.049999999999999822e+01 2.280271378830042828e+00 2.280271378830042828e+00 2.267131788551375406e+43
1.059999999999999787e+01 1.575231358521452574e+00 1.575231358521452574e+00 1.566154414944806926e+43
1.069999999999999751e+01 1.107618060186014608e+00 1.107618060186014608e+00 1.101235641132207155e+43
1.079999999999999716e+01 7.867096080025153260e-01 7.867096080025153260e-01 7.821763572616549274e+42
1.089999999999999680e+01 5.634769087805738819e-01 5.634769087805738819e-01 5.602299901104524853e+42
