8.500000000000000000e+00 5.306992293262781857e+01 5.306992293262781857e+01 5.278069185264499386e+44
8.599999999999999645e+00 4.934499412803802443e+01 4.934499412803802443e+01 4.907606391004021237e+44
8.699999999999999289e+00 4.565205727997345519e+01 4.565205727997345519e+01 4.540325356779759381e+44
8.799999999999998934e+00 4.204826075972628274e+01 4.204826075972628274e+01 4.181909773858576907e+44
8.899999999999998579e+00 3.857380516673559612e+01 3.857380516673559612e+01 3.836357792857688122e+44
8.999999999999998224e+00 3.852271660295123468e+01 3.852271660295123468e+01 3.831276779746514820e+44
9.099999999999997868e+00 3.495972159167561699e+01 3.495972159167561699e+01 3.476919110900098041e+44
9.199999999999997513e+00 3.108344034341178030e+01 3.108344034341178030e+01 3.091403559354018270e+44
9.299999999999997158e+00 2.678749911809282125e+01 2.678749911809282125e+01 2.664150724789921125e+44
9.399999999999996803e+00 2.232257761329906742e+01 2.232257761329906742e+01 2.220091956530658556e+44
9.499999999999996447e+00 1.784942250524735741e+01 1.784942250524735741e+01 1.775214315259375825e+44
