7.000000000000000000e+00 9.336976429119374643e+00 1.867395285823874929e+01 3.713269616579121231e+44
7.099999999999999645e+00 9.504317367290950003e+00 1.900863473458190001e+01 3.779820284885880921e+44
7.199999999999999289e+00 9.647084902735141299e+00 1.929416980547028260e+01 3.836598231753718830e+44
7.299999999999998934e+00 9.728083987147581269e+00 1.945616797429516254e+01 3.868811169357526260e+44
7.399999999999998579e+00 9.772445012851012081e+00 1.954489002570202416e+01 3.886453331159617338e+44
7.499999999999998224e+00 9.784199473296659733e+00 1.956839894659331947e+01 3.891128022282963998e+44
7.599999999999997868e+00 9.770950913732415088e+00 1.954190182746483018e+01 3.885859135286535250e+44
7.699999999999997513e+00 9.716956838930233431e+00 1.943391367786046686e+01 3.864385957222922218e+44
7.799999999999997158e+00 9.663995290593192067e+00 1.932799058118638413e+01 3.843323409857632195e+44
7.899999999999996803e+00 9.658715354127147990e+00 1.931743070825429598e+01 3.841223605086177057e+44
