6.000000000000000000e+00 1.202091326926201731e+01 4.207319644241705703e+01 1.464076543482674934e+45
6.099999999999999645e+00 1.322155438667562244e+01 4.627544035336467942e+01 1.610307570840715597e+45
6.199999999999999289e+00 1.448371481465693478e+01 5.069300185129927172e+01 1.764031288442492926e+45
6.299999999999998934e+00 1.578727657648507332e+01 5.525546801769775840e+01 1.922797445033413483e+45
6.399999999999998579e+00 1.712717988405788105e+01 5.994512959420258369e+01 2.085989788178289658e+45
6.499999999999998224e+00 1.849419570813587654e+01 6.472968497847557501e+01 2.252484276389924385e+45
6.599999999999997868e+00 1.990984064958676569e+01 6.968444227355368525e+01 2.424901505118952042e+45
6.699999999999997513e+00 2.141673142951890441e+01 7.495856000331616542e+01 2.608431940375507324e+45
6.799999999999997158e+00 2.141301749242551722e+01 7.494556122348930671e+01 2.607979604678492679e+45
6.899999999999996803e+00 2.297694530690642978e+01 8.041930857417250422e+01 2.798456815319094824e+45
6.999999999999996447e+00 2.453540679550658510e+01 8.587392378427304607e+01 2.988268259613847180e+45
7.099999999999996092e+00 2.617231224767731135e+01 9.160309286687058261e+01 3.187633717357408296e+45
7.199999999999995737e+00 2.779040826655594998e+01 9.726642893294582848e+01 3.384708296740706156e+45
7.299999999999995381e+00 2.944743083445247578e+01 1.030660079205836723e+02 3.586523900874722493e+45
7.399999999999995026e+00 3.112858172747393226e+01 1.089500360461587576e+02 3.791278193114846732e+45
7.499999999999994671e+00 3.286095343762409016e+01 1.150133370316843155e+02 4.002270879661326843e+45
7.599999999999994316e+00 3.450276926631480023e+01 1.207596924321018008e+02 4.202234392388027000e+45
7.699999999999993960e+00 3.616077351230730130e+01 1.265627072930755617e+02 4.404169559141070674e+45
7.799999999999993605e+00 3.778441573143968668e+01 1.322454550600388927e+02 4.601919633099121490e+45
7.899999999999993250e+00 3.776283210821488723e+01 1.321699123787521160e+02 4.599290874719539968e+45
