1.019999999999999929e+01 2.270778713681102623e+00 4.541557427362205246e+00 9.033611878766161576e+43
1.029999999999999893e+01 2.198111102339593170e+00 4.396222204679186341e+00 8.744525587327368671e+43
1.039999999999999858e+01 2.119786954894474107e+00 4.239573909788948214e+00 8.432936463961196429e+43
1.049999999999999822e+01 2.038819961114545443e+00 4.077639922229090885e+00 8.110833569305884395e+43
1.059999999999999787e+01 1.947858235856615661e+00 3.895716471713231321e+00 7.748969633884787545e+43
1.069999999999999751e+01 1.860319658202943982e+00 3.720639316405887964e+00 7.400723664262951221e+43
1.079999999999999716e+01 1.767448862615533134e+00 3.534897725231066268e+00 7.031265065257113405e+43
1.089999999999999680e+01 1.678583533578644094e+00 3.357167067157288187e+00 6.677741013282561157e+43
1.099999999999999645e+01 1.579543454966539695e+00 3.159086909933079390e+00 6.283739772547887755e+43
1.109999999999999609e+01 1.487057497969241249e+00 2.974114995938482497e+00 5.915812138421234956e+43
1.119999999999999574e+01 1.488357435910884208e+00 2.976714871821768416e+00 5.920983551540679149e+43
