8.000000000000000000e+00 5.228369064429385560e+01 1.568510719328815526e+02 4.678417506119545879e+45
8.099999999999999645e+00 5.999558174963689794e+01 1.799867452489106938e+02 5.368488270212825054e+45
8.199999999999999289e+00 6.817001620978258813e+01 2.045100486293477502e+02 6.099948058335993297e+45
8.299999999999998934e+00 7.655622073835294827e+01 2.296686622150588448e+02 6.850357327323674583e+45
8.399999999999998579e+00 8.521276159220312252e+01 2.556382847766093676e+02 7.624956667462484480e+45
8.499999999999998224e+00 9.409016683733571540e+01 2.822705005120071746e+02 8.419319261149786666e+45
8.599999999999997868e+00 1.028424704459950760e+02 3.085274113379851997e+02 9.202487586052536859e+45
8.699999999999997513e+00 1.115581428154822277e+02 3.346744284464466546e+02 9.982378096621559151e+45
8.799999999999997158e+00 1.201973151744343937e+02 3.605919455233031954e+02 1.075542327963059404e+46
8.899999999999996803e+00 1.284371551580837831e+02 3.853114654742513494e+02 1.149273564515191147e+46
8.999999999999996447e+00 1.284710903560102224e+02 3.854132710680306673e+02 1.149577221395752224e+46
9.099999999999996092e+00 1.363646965290620869e+02 4.090940895871862608e+02 1.220210309556389940e+46
9.199999999999995737e+00 1.436389202351915628e+02 4.309167607055746885e+02 1.285301077080277528e+46
9.299999999999995381e+00 1.504300754757448999e+02 4.512902264272346997e+02 1.346069280649410555e+46
9.399999999999995026e+00 1.567262508546975823e+02 4.701787525640927470e+02 1.402408335432081784e+46
9.499999999999994671e+00 1.622028015034535429e+02 4.866084045103606286e+02 1.451413273898656103e+46
9.599999999999994316e+00 1.673034143803303095e+02 5.019102431409909286e+02 1.497054268788375732e+46
