6.000000000000000000e+00 5.045716901441008595e+00 1.513715070432302667e+01 4.516395969895339214e+44
6.099999999999999645e+00 5.590486750268022220e+00 1.677146025080406844e+01 5.004016737731154710e+44
6.199999999999999289e+00 6.159941248026539640e+00 1.847982374407961714e+01 5.513732611402315280e+44
6.299999999999998934e+00 6.732676537462946698e+00 2.019802961238884009e+01 6.026385105300396237e+44
6.399999999999998579e+00 7.347265521179971337e+00 2.204179656353991490e+01 6.576500631680586132e+44
6.499999999999998224e+00 7.975805765367539379e+00 2.392741729610261814e+01 7.139103861551657217e+44
6.599999999999997868e+00 8.647905899533082419e+00 2.594371769859924726e+01 7.740697331142564680e+44
6.699999999999997513e+00 9.328290990845697905e+00 2.798487297253709372e+01 8.349706624451028872e+44
6.799999999999997158e+00 9.329745400824494439e+00 2.798923620247348509e+01 8.351008459550999416e+44
6.899999999999996803e+00 1.002623687575976241e+01 3.007871062727928546e+01 8.974434496308183481e+44
6.999999999999996447e+00 1.071974455962013550e+01 3.215923367886040296e+01 9.595189756593185194e+44
7.099999999999996092e+00 1.143104455118821861e+01 3.429313365356465226e+01 1.023187082254581783e+45
7.199999999999995737e+00 1.213005126511680132e+01 3.639015379535040040e+01 1.085754823714972275e+45
7.299999999999995381e+00 1.283180109784999345e+01 3.849540329354998391e+01 1.148568100368003901e+45
7.399999999999995026e+00 1.354848448443935283e+01 4.064545345331805493e+01 1.212718071959924119e+45
7.499999999999994671e+00 1.428070848501630863e+01 4.284212545504892944e+01 1.278259076139567062e+45
7.599999999999994316e+00 1.502584601331718694e+01 4.507753803995156261e+01 1.344955963729014565e+45
7.699999999999993960e+00 1.577325056731515041e+01 4.731975170194544944e+01 1.411855771655095307e+45
7.799999999999993605e+00 1.652296331110032668e+01 4.956888993330098003e+01 1.478962184494934690e+45
7.899999999999993250e+00 1.651522143161669831e+01 4.954566429485009849e+01 1.478269212733294918e+45
7.999999999999992895e+00 1.728333212556555409e+01 5.184999637669666583e+01 1.547022416893309959e+45
