9.800000000000000711e+00 2.398770151644036730e+00 2.398770151644036730e+00 2.385696854317576335e+43
9.900000000000000355e+00 1.375096712257851017e+00 1.375096712257851017e+00 1.367602435176045723e+43
1.000000000000000000e+01 5.206034178464762352e-01 5.206034178464762352e-01 5.177661292192128969e+42
1.009999999999999964e+01 -1.368639885690582370e-01 -1.368639885690582370e-01 -1.361180798313568563e+42
1.019999999999999929e+01 -7.323455616746984420e-01 -7.323455616746984420e-01 -7.283542783635713287e+42
1.029999999999999893e+01 -1.306230637171351461e+00 -1.306230637171351461e+00 -1.299111680198767411e+43
1.039999999999999858e+01 -1.843769822142748982e+00 -1.843769822142748982e+00 -1.833721276612070780e+43
1.049999999999999822e+01 -2.221607961817352095e+00 -2.221607961817352095e+00 -2.209500198425447244e+43
1.059999999999999787e+01 -2.627527778266723679e+00 -2.627527778266723679e+00 -2.613207751875169876e+43
1.069999999999999751e+01 -2.892330664961437314e+00 -2.892330664961437314e+00 -2.876567462837397159e+43
1.079999999999999716e+01 -3.076801216638216818e+00 -3.076801216638216818e+00 -3.060032650007538524e+43
1.089999999999999680e+01 -3.225727711652085716e+00 -3.225727711652085716e+00 -3.208147495623581644e+43
1.099999999999999645e+01 -3.304823834589601717e+00 -3.304823834589601717e+00 -3.286812544691088080e+43
