1.019999999999999929e+01 6.145579486491738130e+00 9.832927178386782430e+00 1.564202716402590267e+44
1.029999999999999893e+01 5.474328339192268800e+00 8.758925342707630790e+00 1.393352616700508062e+44
1.039999999999999858e+01 4.845929719214853826e+00 7.753487550743766832e+00 1.233409550222747155e+44
1.049999999999999822e+01 4.257468456267609724e+00 6.811949530028176270e+00 1.083631533678820271e+44
1.059999999999999787e+01 3.741920589697150579e+00 5.987072943515441281e+00 9.524117886413305269e+43
1.069999999999999751e+01 3.250076250409931866e+00 5.200122000655891696e+00 8.272251804050595555e+43
1.079999999999999716e+01 2.823086592345965151e+00 4.516938547753544420e+00 7.185457003840881833e+43
1.089999999999999680e+01 2.436325894748860854e+00 3.898121431598177367e+00 6.201054906188564982e+43
1.099999999999999645e+01 2.107314053633298823e+00 3.371702485813278471e+00 5.363638000699368613e+43
1.109999999999999609e+01 1.848745669216771415e+00 2.957993070746834263e+00 4.705517199936531022e+43
