9.800000000000000711e+00 3.780445230960146574e+01 6.615779154180256683e+01 1.151089992621976586e+45
9.900000000000000355e+00 3.419931828689384190e+01 5.984880700206421977e+01 1.041318961908068053e+45
1.000000000000000000e+01 3.049738005451486700e+01 5.337041509540101458e+01 9.286003853314708914e+44
1.009999999999999964e+01 3.045726874913275140e+01 5.330022031098231139e+01 9.273790550543323043e+44
1.019999999999999929e+01 2.680661120465235570e+01 4.691156960814161891e+01 8.162219000312445123e+44
1.029999999999999893e+01 2.311522827285630655e+01 4.045164947749853468e+01 7.038247168389666758e+44
1.039999999999999858e+01 1.965416582569252313e+01 3.439479019496191370e+01 5.984404537859580358e+44
1.049999999999999822e+01 1.632418678040619042e+01 2.856732686571083235e+01 4.970474876009549965e+44
1.059999999999999787e+01 1.324893767703705372e+01 2.318564093481484534e+01 4.034106736426989035e+44
1.069999999999999751e+01 1.043894182089379541e+01 1.826814818656414019e+01 3.178504310864477463e+44
1.079999999999999716e+01 7.954178159202061948e+00 1.391981177860360930e+01 2.421930306940164246e+44
1.089999999999999680e+01 5.908601119803828183e+00 1.034005195965669976e+01 1.799082172570929632e+44
