1.019999999999999929e+01 2.193703037218588747e+01 5.269274695399050756e+01 1.258781827023852013e+45
1.029999999999999893e+01 2.051128761724637783e+01 4.926811285662580531e+01 1.176970431430203801e+45
1.039999999999999858e+01 1.915747292504247312e+01 4.601624996595202077e+01 1.099286382915374805e+45
1.049999999999999822e+01 1.786152595058774750e+01 4.290338533331177473e+01 1.024922876435550377e+45
1.059999999999999787e+01 1.661903531436513148e+01 3.991892282510504941e+01 9.536267799909116724e+44
1.069999999999999751e+01 1.539981311525795959e+01 3.699035110284962258e+01 8.836658636179250284e+44
1.079999999999999716e+01 1.419765614383631913e+01 3.410277005749483692e+01 8.146841772555694456e+44
1.089999999999999680e+01 1.301967780452194035e+01 3.127326608646170314e+01 7.470898994066976073e+44
1.099999999999999645e+01 1.189899019687358006e+01 2.858137445289034062e+01 6.827830552101726467e+44
1.109999999999999609e+01 1.078845406318781741e+01 2.591386665977713832e+01 6.190587187972820949e+44
1.119999999999999574e+01 1.080021110963767583e+01 2.594210708534969712e+01 6.197333568936637973e+44
