7.000000000000000000e+00 1.461603715209913616e+02 4.677131888671723914e+02 1.488525286361108159e+46
7.099999999999999645e+00 1.473384329529813215e+02 4.714829854495402515e+02 1.500522890172288772e+46
7.199999999999999289e+00 1.484052760998056897e+02 4.748968835193782070e+02 1.511387825613432381e+46
7.299999999999998934e+00 1.492278541991070426e+02 4.775291334371425478e+02 1.519765118911712537e+46
7.399999999999998579e+00 1.497083509723211705e+02 4.790667231114277911e+02 1.524658590305505699e+46
7.499999999999998224e+00 1.499366429448739098e+02 4.797972574235965340e+02 1.526983559586041606e+46
7.599999999999997868e+00 1.498169271493532335e+02 4.794141668779303700e+02 1.525764350939026274e+46
7.699999999999997513e+00 1.494253585325057543e+02 4.781611473040184137e+02 1.521776540963877047e+46
7.799999999999997158e+00 1.485859019572750128e+02 4.754748862632800410e+02 1.513227354026064570e+46
7.899999999999996803e+00 1.486212802512484075e+02 4.755880968039949153e+02 1.513587653364522178e+46
7.999999999999996447e+00 1.473711683844816207e+02 4.715877388303412090e+02 1.500856274091890820e+46
