1.350000000000000000e+01 5.718785050913618306e+01 1.715635515274085492e+02 5.118855905147524600e+45
1.359999999999999964e+01 5.324386956498794632e+01 1.597316086949638247e+02 4.765832142827288207e+45
1.369999999999999929e+01 4.911682953484982761e+01 1.473504886045494686e+02 4.396422853249640566e+45
1.379999999999999893e+01 4.491179158461776666e+01 1.347353747538533071e+02 4.020032008843344148e+45
1.389999999999999858e+01 4.074038827095344573e+01 1.222211648128603372e+02 3.646651783938906702e+45
1.399999999999999822e+01 3.677913512411534214e+01 1.103374053723460264e+02 3.292081995392001984e+45
1.409999999999999787e+01 3.274038411013084726e+01 9.822115233039254178e+01 2.930575411505756820e+45
1.419999999999999751e+01 2.884811436497820836e+01 8.654434309493461797e+01 2.582180292752016493e+45
1.429999999999999716e+01 2.523697260726548564e+01 7.571091782179645691e+01 2.258948799590029940e+45
1.439999999999999680e+01 2.184497046339134130e+01 6.553491139017401679e+01 1.955332383692927094e+45
1.449999999999999645e+01 2.180994073984813753e+01 6.542982221954440547e+01 1.952196890653436794e+45
1.459999999999999609e+01 1.853777601558976684e+01 5.561332804676929698e+01 1.659307062267432052e+45
1.469999999999999574e+01 1.573089958317467563e+01 4.719269874952402688e+01 1.408064956240173478e+45
1.479999999999999538e+01 1.325734379700707777e+01 3.977203139102122975e+01 1.186658214598204928e+45
1.489999999999999503e+01 1.109527124288711875e+01 3.328581372866135268e+01 9.931321813152045019e+44
1.499999999999999467e+01 9.158119604301093730e+00 2.747435881290328297e+01 8.197387067211886276e+44
