1.350000000000000000e+01 1.836249611013879957e+01 3.672499222027759913e+01 7.304968202535416607e+44
1.359999999999999964e+01 1.740313730862154173e+01 3.480627461724308347e+01 6.923316084115821297e+44
1.369999999999999929e+01 1.628010980703766108e+01 3.256021961407532217e+01 6.476553283435722126e+44
1.379999999999999893e+01 1.511580334483757326e+01 3.023160668967514653e+01 6.013368886643282963e+44
1.389999999999999858e+01 1.386339600900565827e+01 2.772679201801131654e+01 5.515136200302630242e+44
1.399999999999999822e+01 1.294073991730609663e+01 2.588147983461219326e+01 5.148085153902710872e+44
1.409999999999999787e+01 1.183450566825477779e+01 2.366901133650955558e+01 4.708003044945115511e+44
1.419999999999999751e+01 1.100386595270962076e+01 2.200773190541924151e+01 4.377557953306940897e+44
1.429999999999999716e+01 1.003385840008305152e+01 2.006771680016610304e+01 3.991669548721039461e+44
1.439999999999999680e+01 9.163379097080660785e+00 1.832675819416132157e+01 3.645375472400628233e+44
1.449999999999999645e+01 9.159253749810671863e+00 1.831850749962134373e+01 3.643734326749681172e+44
1.459999999999999609e+01 8.313641422617109811e+00 1.662728284523421962e+01 3.307332830745538436e+44
1.469999999999999574e+01 7.611413098420023005e+00 1.522282619684004601e+01 3.027972358813453288e+44
1.479999999999999538e+01 7.036527789042489545e+00 1.407305557808497909e+01 2.799271485036883046e+44
1.489999999999999503e+01 6.515330687818559063e+00 1.303066137563711813e+01 2.591928854227978964e+44
1.499999999999999467e+01 6.043181106801629454e+00 1.208636221360325891e+01 2.404098307907823931e+44
