6.000000000000000000e+00 2.579338357556615335e+00 3.869007536334923003e+00 5.771882167892845834e+43
6.099999999999999645e+00 3.528281028775739347e+00 5.292421543163609243e+00 7.895366768630050961e+43
6.199999999999999289e+00 4.725571235931440128e+00 7.088356853897160192e+00 1.057458796356513055e+44
6.299999999999998934e+00 6.278792101537942649e+00 9.418188152306914418e+00 1.405028854031526206e+44
6.399999999999998579e+00 8.191281242196328805e+00 1.228692186329449321e+01 1.832993720870930422e+44
6.499999999999998224e+00 1.044759118614032189e+01 1.567138677921048284e+01 2.337896658189567876e+44
6.599999999999997868e+00 1.316308604466760102e+01 1.974462906700140152e+01 2.945553125787936576e+44
6.699999999999997513e+00 1.619515966356489400e+01 2.429273949534734101e+01 3.624051609764654025e+44
6.799999999999997158e+00 1.622178581799480668e+01 2.433267872699221002e+01 3.630009844189515223e+44
6.899999999999996803e+00 1.957000337262751799e+01 2.935500505894127699e+01 4.379253042205507229e+44
6.999999999999996447e+00 2.329747811513168188e+01 3.494621717269752281e+01 5.213364043365948336e+44
