6.000000000000000000e+00 5.049200742590919333e+00 1.514760222777275800e+01 4.518095194687113597e+44
6.099999999999999645e+00 5.595604095890426954e+00 1.678681228767128175e+01 5.007024530389590315e+44
6.199999999999999289e+00 6.160016547268676312e+00 1.848004964180602983e+01 5.512068658043963409e+44
6.299999999999998934e+00 6.744606113348212695e+00 2.023381834004463897e+01 6.035167549139521433e+44
6.399999999999998579e+00 7.338301810963323568e+00 2.201490543288997159e+01 6.566414733644375588e+44
6.499999999999998224e+00 7.981923701579489716e+00 2.394577110473846915e+01 7.142336571463041130e+44
6.599999999999997868e+00 8.643625392619288306e+00 2.593087617785786492e+01 7.734436466677184025e+44
6.699999999999997513e+00 9.326860831075668656e+00 2.798058249322700419e+01 8.345805059193413579e+44
6.799999999999997158e+00 9.336385664773491300e+00 2.800915699432047390e+01 8.354328013132901272e+44
6.899999999999996803e+00 1.003175106821380957e+01 3.009525320464143050e+01 8.976550667370894214e+44
6.999999999999996447e+00 1.072477278643338927e+01 3.217431835930016604e+01 9.596676159409658571e+44
7.099999999999996092e+00 1.143061495366316294e+01 3.429184486098948526e+01 1.022827356790008917e+45
7.199999999999995737e+00 1.214534658282590129e+01 3.643603974847770388e+01 1.086782539081969690e+45
7.299999999999995381e+00 1.284514006982648482e+01 3.853542020947945446e+01 1.149401035594118208e+45
7.399999999999995026e+00 1.356532865821221989e+01 4.069598597463665612e+01 1.213844514202663564e+45
7.499999999999994671e+00 1.429716818241985266e+01 4.289150454725955797e+01 1.279330534786347377e+45
7.599999999999994316e+00 1.502245399719054575e+01 4.506736199157163725e+01 1.344230120315773253e+45
7.699999999999993960e+00 1.576718475327778179e+01 4.730155425983334538e+01 1.410869666294427593e+45
7.799999999999993605e+00 1.651965684975779425e+01 4.955897054927338274e+01 1.478201918200458198e+45
7.899999999999993250e+00 1.651637757989368538e+01 4.954913273968105614e+01 1.477908484562731344e+45
