5.000000000000000000e+00 9.843520617246795723e+01 3.937408246898718289e+02 1.566379748781248050e+46
5.099999999999999645e+00 1.074427135213699103e+02 4.297708540854796411e+02 1.709714411722854907e+46
5.199999999999999289e+00 1.166321612945504569e+02 4.665286451782018275e+02 1.855944256247922451e+46
5.299999999999998934e+00 1.261101496494929961e+02 5.044405985979719844e+02 2.006765589342452094e+46
5.399999999999998579e+00 1.357303409516582064e+02 5.429213638066328258e+02 2.159849769495546624e+46
5.499999999999998224e+00 1.454789839342579967e+02 5.819159357370319867e+02 2.314977975549060500e+46
5.599999999999997868e+00 1.552364947446755536e+02 6.209459789787022146e+02 2.470247293573072918e+46
5.699999999999997513e+00 1.552654264565908875e+02 6.210617058263635499e+02 2.470707678118439442e+46
5.799999999999997158e+00 1.649709078368179860e+02 6.598836313472719439e+02 2.625149062225716796e+46
5.899999999999996803e+00 1.745915917141412876e+02 6.983663668565651506e+02 2.778241080628787306e+46
5.999999999999996447e+00 1.840638526071893466e+02 7.362554104287573864e+02 2.928971273767682492e+46
6.099999999999996092e+00 1.934768662420821670e+02 7.739074649683286680e+02 3.078758677137004763e+46
6.199999999999995737e+00 2.026437352393960509e+02 8.105749409575842037e+02 3.224629230117461166e+46
6.299999999999995381e+00 2.117207573251709505e+02 8.468830293006838019e+02 3.369070067163980121e+46
6.399999999999995026e+00 2.205950556471823063e+02 8.823802225887292252e+02 3.510285001502482081e+46
6.499999999999994671e+00 2.292857010898582928e+02 9.171428043594331712e+02 3.648577504302696936e+46
6.599999999999994316e+00 2.376813266018521347e+02 9.507253064074085387e+02 3.782175413949952284e+46
6.699999999999993960e+00 2.456662008892067206e+02 9.826648035568268824e+02 3.909237121509768374e+46
6.799999999999993605e+00 2.457800401033272806e+02 9.831201604133091223e+02 3.911048622156226240e+46
6.899999999999993250e+00 2.535264727986007927e+02 1.014105891194403171e+03 4.034316056349574232e+46
6.999999999999992895e+00 2.607333877898279297e+02 1.042933551159311719e+03 4.148998253221973531e+46
