-6.247187891347208977e-01 -6.096653243362938346e-01 -5.946118595378667715e-01 -5.795583947394398194e-01
-5.645049299410128674e-01 -5.494514651425858043e-01 -5.343980003441587412e-01 -5.193445355457317891e-01
-5.042910707473047260e-01 -4.892376059488777740e-01 -4.741841411504507109e-01 -4.591306763520237588e-01
-4.440772115535966957e-01 -4.290237467551697437e-01 -4.139702819567426806e-01 -3.989168171583157285e-01
-3.838633523598886654e-01 -3.688098875614617134e-01 -3.537564227630346503e-01 -3.387029579646076982e-01
-3.236494931661806351e-01 -3.085960283677536831e-01 -2.935425635693266200e-01 -2.784890987708996679e-01
-2.634356339724726048e-01 -2.483821691740456250e-01 -2.333287043756186174e-01 -2.182752395771916099e-01
-2.032217747787646023e-01 -1.881683099803375947e-01 -1.731148451819105871e-01 -1.580613803834835795e-01
-1.430079155850565720e-01 -1.279544507866295644e-01 -1.129009859882025568e-01 -9.784752118977554924e-02
-8.279405639134854167e-02 -6.774059159292153409e-02 -5.268712679449452652e-02 -3.763366199606751894e-02
-2.258019719764051136e-02 -7.526732399213503788e-03 7.526732399213503788e-03 2.258019719764051136e-02
3.763366199606751894e-02 5.268712679449452652e-02 6.774059159292153409e-02 8.279405639134854167e-02
9.784752118977554924e-02 1.129009859882025568e-01 1.279544507866295644e-01 1.430079155850565720e-01
1.580613803834835795e-01 1.731148451819105871e-01 1.881683099803375947e-01 2.032217747787646023e-01
2.182752395771916099e-01 2.333287043756186174e-01 2.483821691740456250e-01 2.634356339724726048e-01
2.784890987708996679e-01 2.935425635693266200e-01 3.085960283677536831e-01 3.236494931661806351e-01
3.387029579646076982e-01 3.537564227630346503e-01 3.688098875614617134e-01 3.838633523598886654e-01
3.989168171583157285e-01 4.139702819567426806e-01 4.290237467551697437e-01 4.440772115535966957e-01
4.591306763520237588e-01 4.741841411504507109e-01 4.892376059488777740e-01 5.042910707473047260e-01
5.193445355457317891e-01 5.343980003441587412e-01 5.494514651425858043e-01 5.645049299410128674e-01
5.795583947394398194e-01 5.946118595378667715e-01 6.096653243362938346e-01 6.247187891347208977e-01
