7.000000000000000000e+00 3.183459432854817805e+00 5.730226979138672405e+00 1.025819503578426001e+44
7.099999999999999645e+00 3.151680697472628356e+00 5.673025255450730775e+00 1.015579308205534483e+44
7.199999999999999289e+00 3.117496924579263862e+00 5.611494464242674951e+00 1.004564127494259547e+44
7.299999999999998934e+00 3.069382580066795541e+00 5.524888644120232506e+00 9.890600401817599167e+43
7.399999999999998579e+00 3.017595177976912346e+00 5.431671320358442578e+00 9.723723680992480495e+43
7.499999999999998224e+00 2.961226864372226153e+00 5.330208355870007075e+00 9.542085696594927800e+43
7.599999999999997868e+00 2.903935268876454145e+00 5.227083483977617462e+00 9.357472582181892181e+43
7.699999999999997513e+00 2.844669964071464108e+00 5.120405935328635749e+00 9.166499501365970083e+43
7.799999999999997158e+00 2.783876242294944348e+00 5.010977236130900181e+00 8.970601338349174754e+43
7.899999999999996803e+00 2.783482180684261120e+00 5.010267925231669750e+00 8.969331537070483254e+43
7.999999999999996447e+00 2.724040313196050889e+00 4.903272563752891777e+00 8.777789510904789457e+43
