1.300000000000000000e+01 3.318512931567033775e+01 6.305174569977364030e+01 1.191080039072447760e+45
1.309999999999999964e+01 3.095213303536763760e+01 5.880905276719850860e+01 1.110933378455529791e+45
1.319999999999999929e+01 2.877544096239927640e+01 5.467333782855862268e+01 1.032807587392374585e+45
1.329999999999999893e+01 2.665960398454161151e+01 5.065324757062906258e+01 9.568660062617080655e+44
1.339999999999999858e+01 2.665609480770264383e+01 5.064658013463502328e+01 9.567400549524120835e+44
1.349999999999999822e+01 2.452584326563340511e+01 4.659910220470347042e+01 8.802811065533821623e+44
1.359999999999999787e+01 2.243503524622128609e+01 4.262656696782044463e+01 8.052378643298715327e+44
1.369999999999999751e+01 2.030079951489536683e+01 3.857151907830119342e+01 7.286359154847569241e+44
1.379999999999999716e+01 1.819867849060054965e+01 3.457748913214103936e+01 6.531866271021509892e+44
1.389999999999999680e+01 1.606019009299818023e+01 3.051436117669653925e+01 5.764320416387928855e+44
