1.300000000000000000e+01 1.115621514125818159e+01 1.004059362713236325e+01 8.984463112329092762e+43
1.309999999999999964e+01 9.713216408121235546e+00 8.741894767309110748e+00 7.822369272720296593e+43
1.319999999999999929e+01 8.317906252581343196e+00 7.486115627323208344e+00 6.698680596589897051e+43
1.329999999999999893e+01 6.989461915233591505e+00 6.290515723710231377e+00 5.628841139878121124e+43
1.339999999999999858e+01 6.988673956167977153e+00 6.289806560551179260e+00 5.628206570799862958e+43
1.349999999999999822e+01 5.790375698443693153e+00 5.211338128599323660e+00 4.663177987380318954e+43
1.359999999999999787e+01 4.728757439122064810e+00 4.255881695209858151e+00 3.808222254680591020e+43
1.369999999999999751e+01 3.807500015258760584e+00 3.426750013732884348e+00 3.066303670567868702e+43
1.379999999999999716e+01 3.014149676932890820e+00 2.712734709239601472e+00 2.427392824945836120e+43
1.389999999999999680e+01 2.360303087670817312e+00 2.124272778903735226e+00 1.900828888344952776e+43
