6.000000000000000000e+00 2.324871237959180714e+00 2.324871237959180714e+00 2.312200689712303164e+43
6.099999999999999645e+00 2.352169819970537201e+00 2.352169819970537201e+00 2.339350494451697811e+43
6.199999999999999289e+00 2.373161945959277652e+00 2.373161945959277652e+00 2.360228213353799439e+43
6.299999999999998934e+00 2.387520659743790574e+00 2.387520659743790574e+00 2.374508672148186732e+43
6.399999999999998579e+00 2.394351003071437223e+00 2.394351003071437223e+00 2.381301790104697868e+43
6.499999999999998224e+00 2.393024062273663599e+00 2.393024062273663599e+00 2.379982081134271705e+43
6.599999999999997868e+00 2.387935509636789355e+00 2.387935509636789355e+00 2.374921261109268851e+43
6.699999999999997513e+00 2.375751439554122157e+00 2.375751439554122157e+00 2.362803594208552218e+43
6.799999999999997158e+00 2.377022305506142796e+00 2.377022305506142796e+00 2.364067533941134235e+43
6.899999999999996803e+00 2.365381977114410006e+00 2.365381977114410006e+00 2.352490645339136377e+43
6.999999999999996447e+00 2.361972475702294183e+00 2.361972475702294183e+00 2.349099725709716702e+43
7.099999999999996092e+00 2.366629390115271292e+00 2.366629390115271292e+00 2.353731259939142719e+43
7.199999999999995737e+00 2.384269764426710125e+00 2.384269764426710125e+00 2.371275494210584303e+43
7.299999999999995381e+00 2.417391133987839336e+00 2.417391133987839336e+00 2.404216352307605511e+43
7.399999999999995026e+00 2.471818421790807463e+00 2.471818421790807463e+00 2.458347011392047497e+43
7.499999999999994671e+00 2.549605188897049679e+00 2.549605188897049679e+00 2.535709840617560677e+43
7.599999999999994316e+00 2.644918855629841747e+00 2.644918855629841747e+00 2.630504047866658668e+43
7.699999999999993960e+00 2.759618652340535938e+00 2.759618652340535938e+00 2.744578730685279796e+43
7.799999999999993605e+00 2.886843439352547058e+00 2.886843439352547058e+00 2.871110142608075538e+43
7.899999999999993250e+00 2.885166372585158179e+00 2.885166372585158179e+00 2.869442215854568796e+43
7.999999999999992895e+00 3.029988148631931555e+00 3.029988148631931555e+00 3.013474713221887182e+43
