8.500000000000000000e+00 2.576437048891625281e+01 1.288218524445812641e+01 6.403977163609194404e+43
8.599999999999999645e+00 2.470007769664854180e+01 1.235003884832427090e+01 6.139437157090952916e+43
8.699999999999999289e+00 2.290125684275414386e+01 1.145062842137707193e+01 5.692323276520130765e+43
8.799999999999998934e+00 2.033760877995953109e+01 1.016880438997976555e+01 5.055104383214337946e+43
8.899999999999998579e+00 1.716252768923986594e+01 8.581263844619932968e+00 4.265908046889204094e+43
8.999999999999998224e+00 1.716281866019665969e+01 8.581409330098329846e+00 4.265980370463474255e+43
9.099999999999997868e+00 1.377943098078980455e+01 6.889715490394902275e+00 3.425007467831161123e+43
9.199999999999997513e+00 1.051845168923665419e+01 5.259225844618327095e+00 2.614460323933631989e+43
9.299999999999997158e+00 7.550234752048508469e+00 3.775117376024254234e+00 1.876682023060018044e+43
9.399999999999996803e+00 5.185139599321516357e+00 2.592569799660758179e+00 1.288815327293388371e+43
