1.019999999999999929e+01 1.255213728568927678e+01 2.510427457137855356e+01 4.991923280508476996e+44
1.029999999999999893e+01 1.158537732343858728e+01 2.317075464687717457e+01 4.607447597014730928e+44
1.039999999999999858e+01 1.066478258478150742e+01 2.132956516956301485e+01 4.241331595952881448e+44
1.049999999999999822e+01 9.746478355610250333e+00 1.949295671122050067e+01 3.876126519251264144e+44
1.059999999999999787e+01 8.832779401820415544e+00 1.766555880364083109e+01 3.512752937925010137e+44
1.069999999999999751e+01 7.948889643212206479e+00 1.589777928642441296e+01 3.161234326952691941e+44
1.079999999999999716e+01 7.112643515784697001e+00 1.422528703156939400e+01 2.828663353840425858e+44
1.089999999999999680e+01 6.339806390174009820e+00 1.267961278034801964e+01 2.521309828972936316e+44
1.099999999999999645e+01 5.611526155645249148e+00 1.122305231129049830e+01 2.231676360605508605e+44
1.109999999999999609e+01 4.960312057527817231e+00 9.920624115055634462e+00 1.972691715759885727e+44
