1.100000000000000000e+01 5.369157297487858216e+01 1.073831459497571643e+02 2.135287457427598740e+45
1.109999999999999964e+01 5.698305658129085316e+01 1.139661131625817063e+02 2.266188142054385262e+45
1.119999999999999929e+01 5.683967994845460225e+01 1.136793598969092045e+02 2.260486123863808260e+45
1.129999999999999893e+01 5.986108648110044328e+01 1.197221729622008866e+02 2.380645976061974620e+45
1.139999999999999858e+01 6.250685871739132438e+01 1.250137174347826488e+02 2.485867036990947458e+45
1.149999999999999822e+01 6.473641054280162166e+01 1.294728210856032433e+02 2.574535216831960792e+45
1.159999999999999787e+01 6.649905810300626285e+01 1.329981162060125257e+02 2.644634843619414412e+45
1.169999999999999751e+01 6.794284145545994136e+01 1.358856829109198827e+02 2.702053397647986878e+45
1.179999999999999716e+01 6.895258271114627746e+01 1.379051654222925549e+02 2.742210310903685737e+45
1.189999999999999680e+01 6.962284365177865197e+01 1.392456873035573039e+02 2.768866258949863752e+45
