8.000000000000000000e+00 4.957118545804056566e+02 1.982847418321622627e+03 7.888163599567078966e+46
8.099999999999999645e+00 4.974631321285311287e+02 1.989852528514124515e+03 7.916031328934889002e+46
8.199999999999999289e+00 4.983326083602446488e+02 1.993330433440978595e+03 7.929867130314900000e+46
8.299999999999998934e+00 4.983520407396094356e+02 1.993408162958437742e+03 7.930176353881255919e+46
8.399999999999998579e+00 4.975037624869673323e+02 1.990015049947869329e+03 7.916677871702613442e+46
8.499999999999998224e+00 4.955842317867433735e+02 1.982336927146973494e+03 7.886132763576089704e+46
8.599999999999997868e+00 4.929878571594045411e+02 1.971951428637618164e+03 7.844817173406172021e+46
8.699999999999997513e+00 4.896299402965406671e+02 1.958519761186162668e+03 7.791383313950791245e+46
8.799999999999997158e+00 4.853082431967096682e+02 1.941232972786838673e+03 7.722613012340600851e+46
8.899999999999996803e+00 4.802654187812545956e+02 1.921061675125018382e+03 7.642367555982347672e+46
8.999999999999996447e+00 4.803145213042956243e+02 1.921258085217182497e+03 7.643148914610994773e+46
9.099999999999996092e+00 4.744733655022455991e+02 1.897893462008982397e+03 7.550199770564132998e+46
9.199999999999995737e+00 4.680659660906252384e+02 1.872263864362500954e+03 7.448240105206900838e+46
9.299999999999995381e+00 4.609064582812237632e+02 1.843625833124895053e+03 7.334312289337456772e+46
9.399999999999995026e+00 4.530242016804601235e+02 1.812096806721840494e+03 7.208883516500825502e+46
9.499999999999994671e+00 4.445024977566805546e+02 1.778009991026722219e+03 7.073279346302506095e+46
