8.000000000000000000e+00 1.904379077441757886e+02 3.808758154883515772e+02 7.576000845878800871e+45
8.099999999999999645e+00 1.937488614660585995e+02 3.874977229321171990e+02 7.707717206842743087e+45
8.199999999999999289e+00 1.960000260324673604e+02 3.920000520649347209e+02 7.797273035623615559e+45
8.299999999999998934e+00 1.972843334125265642e+02 3.945686668250531284e+02 7.848365351817131316e+45
8.399999999999998579e+00 1.973842410301353425e+02 3.947684820602706850e+02 7.852339876660843254e+45
8.499999999999998224e+00 1.962904128908801908e+02 3.925808257817603817e+02 7.808825205624994742e+45
8.599999999999997868e+00 1.940005012330642558e+02 3.880010024661285115e+02 7.717727940053761460e+45
8.699999999999997513e+00 1.906356316726631803e+02 3.812712633453263606e+02 7.583866699201886458e+45
8.799999999999997158e+00 1.861539464906732917e+02 3.723078929813465834e+02 7.405576299291964801e+45
8.899999999999996803e+00 1.807855762743639900e+02 3.615711525487279800e+02 7.192011795346748092e+45
8.999999999999996447e+00 1.807882291071120733e+02 3.615764582142241466e+02 7.192117330339131414e+45
9.099999999999996092e+00 1.743982321446970047e+02 3.487964642893940095e+02 6.937910471180335500e+45
9.199999999999995737e+00 1.671543837939659340e+02 3.343087675879318681e+02 6.649735696091552298e+45
9.299999999999995381e+00 1.591986524929810969e+02 3.183973049859621938e+02 6.333240793475773803e+45
9.399999999999995026e+00 1.506039033616319216e+02 3.012078067232638432e+02 5.991324483532440436e+45
9.499999999999994671e+00 1.416691927593595324e+02 2.833383855187190647e+02 5.635883826352840543e+45
