5.000000000000000000e+00 2.029529156616195280e+02 1.014764578308097612e+03 5.044586040804076774e+46
5.099999999999999645e+00 2.143970334965959239e+02 1.071985167482979705e+03 5.329040377867619089e+46
5.199999999999999289e+00 2.258223914569459225e+02 1.129111957284729669e+03 5.613028420562542715e+46
5.299999999999998934e+00 2.373233509113097170e+02 1.186616754556548585e+03 5.898895609660082257e+46
5.399999999999998579e+00 2.488500442583694507e+02 1.244250221291847311e+03 6.185402438919708209e+46
5.499999999999998224e+00 2.601579240905166444e+02 1.300789620452583222e+03 6.466470451992491744e+46
5.599999999999997868e+00 2.714536806112657246e+02 1.357268403056328680e+03 6.747237128731930429e+46
5.699999999999997513e+00 2.714339433512285495e+02 1.357169716756142861e+03 6.746746540527553925e+46
5.799999999999997158e+00 2.826552080855191207e+02 1.413276040427595490e+03 7.025661653691775528e+46
5.899999999999996803e+00 2.935302975145360165e+02 1.467651487572680026e+03 7.295972253306823971e+46
5.999999999999996447e+00 3.042010227423756419e+02 1.521005113711878266e+03 7.561203188049168227e+46
6.099999999999996092e+00 3.145418736719527715e+02 1.572709368359763857e+03 7.818234786138427046e+46
6.199999999999995737e+00 3.244274102262994006e+02 1.622137051131496946e+03 8.063949116210237909e+46
6.299999999999995381e+00 3.338822520871761981e+02 1.669411260435881104e+03 8.298958123663529608e+46
6.399999999999995026e+00 3.427937223909929116e+02 1.713968611954964672e+03 8.520461118834223766e+46
6.499999999999994671e+00 3.512094103117480017e+02 1.756047051558739895e+03 8.729640975503970104e+46
6.599999999999994316e+00 3.591127696995235397e+02 1.795563848497617755e+03 8.926086423518640367e+46
6.699999999999993960e+00 3.662190167441130484e+02 1.831095083720565299e+03 9.102718892812209097e+46
6.799999999999993605e+00 3.662866250871117586e+02 1.831433125435558850e+03 9.104399361911267563e+46
6.899999999999993250e+00 3.729869428886148626e+02 1.864934714443074427e+03 9.270942077201785470e+46
