6.000000000000000000e+00 1.532901277804208178e+02 2.299351916706312409e+02 3.429153568185855374e+45
6.099999999999999645e+00 1.683694953678204627e+02 2.525542430517306798e+02 3.766484275107754909e+45
6.199999999999999289e+00 1.838215645406116039e+02 2.757323468109174200e+02 4.112152446352500843e+45
6.299999999999998934e+00 1.993172199261095443e+02 2.989758298891642880e+02 4.458795656361916582e+45
6.399999999999998579e+00 2.149233342922854888e+02 3.223850014384282190e+02 4.807909872255499414e+45
6.499999999999998224e+00 2.306451926348516395e+02 3.459677889522774876e+02 5.159613321228743798e+45
6.599999999999997868e+00 2.462576624630148672e+02 3.693864936945223008e+02 5.508869711021367904e+45
6.699999999999997513e+00 2.616724386534478981e+02 3.925086579801718472e+02 5.853703625257046289e+45
6.799999999999997158e+00 2.618147246045398902e+02 3.927220869068098636e+02 5.856886611558609202e+45
6.899999999999996803e+00 2.769719683828671464e+02 4.154579525743007480e+02 6.195959436005380212e+45
6.999999999999996447e+00 2.914341434506673068e+02 4.371512151760009601e+02 6.519483331220044703e+45
7.099999999999996092e+00 3.051515392438375329e+02 4.577273088657562994e+02 6.826346254563341417e+45
7.199999999999995737e+00 3.177416355977869671e+02 4.766124533966804506e+02 7.107991096674718663e+45
7.299999999999995381e+00 3.290144616807428974e+02 4.935216925211143462e+02 7.360168143857298836e+45
7.399999999999995026e+00 3.390336295647841780e+02 5.085504443471762670e+02 7.584300420327365661e+45
7.499999999999994671e+00 3.474646578080165682e+02 5.211969867120249091e+02 7.772905459688868890e+45
7.599999999999994316e+00 3.544036988123356764e+02 5.316055482185034862e+02 7.928134224673878016e+45
7.699999999999993960e+00 3.595736205546451743e+02 5.393604308319677330e+02 8.043787175366678964e+45
7.799999999999993605e+00 3.630957722048100322e+02 5.446436583072149915e+02 8.122578934977940332e+45
7.899999999999993250e+00 3.630801928937061120e+02 5.446202893405591112e+02 8.122230420360362757e+45
