7.000000000000000000e+00 9.330892631402651460e+00 1.866178526280530292e+01 3.712015706624602226e+44
7.099999999999999645e+00 9.499854542550625780e+00 1.899970908510125156e+01 3.779232134117489899e+44
7.199999999999999289e+00 9.640468942405451713e+00 1.928093788481090343e+01 3.835171354667736836e+44
7.299999999999998934e+00 9.724103806178918674e+00 1.944820761235783735e+01 3.868442976174096951e+44
7.399999999999998579e+00 9.773366882771700404e+00 1.954673376554340081e+01 3.888040813304237812e+44
7.499999999999998224e+00 9.790503872648038453e+00 1.958100774529607691e+01 3.894858250616842390e+44
7.599999999999997868e+00 9.764707229189816928e+00 1.952941445837963386e+01 3.884595829916292832e+44
7.699999999999997513e+00 9.728884478264273383e+00 1.945776895652854677e+01 3.870344823143092607e+44
7.799999999999997158e+00 9.673951613550194395e+00 1.934790322710038879e+01 3.848491430902537990e+44
7.899999999999996803e+00 9.656731241644457953e+00 1.931346248328891591e+01 3.841640822550997791e+44
7.999999999999996447e+00 9.588098536657096105e+00 1.917619707331419221e+01 3.814337359852925578e+44
