9.800000000000000711e+00 7.341301768854563647e+01 1.835325442213641054e+02 4.561874401233039179e+45
9.900000000000000355e+00 6.823042244536290468e+01 1.705760561134072759e+02 4.239828675335624992e+45
1.000000000000000000e+01 6.314664533182411787e+01 1.578666133295602947e+02 3.923923493856544436e+45
1.009999999999999964e+01 6.316156330407761033e+01 1.579039082601940152e+02 3.924850494515068162e+45
1.019999999999999929e+01 5.834362854816308186e+01 1.458590713704077189e+02 3.625464719051342134e+45
1.029999999999999893e+01 5.378500362495080367e+01 1.344625090623770234e+02 3.342192419440237718e+45
1.039999999999999858e+01 4.940514849120215501e+01 1.235128712280053946e+02 3.070028848933933266e+45
1.049999999999999822e+01 4.510529976607189440e+01 1.127632494151797289e+02 2.802836865196602643e+45
1.059999999999999787e+01 4.088779255814057478e+01 1.022194813953514370e+02 2.540761571540888375e+45
1.069999999999999751e+01 3.659942821379137001e+01 9.149857053447843214e+01 2.274283225579917740e+45
1.079999999999999716e+01 3.246684182773687155e+01 8.116710456934217177e+01 2.017484899628965350e+45
1.089999999999999680e+01 2.832688420541576235e+01 7.081721051353940766e+01 1.760228526112487747e+45
