1.050000000000000000e+01 1.742377295230081415e+02 6.969509180920325662e+02 2.772610142353723597e+46
1.059999999999999964e+01 1.734748210982865544e+02 6.938992843931462176e+02 2.760470133172814176e+46
1.069999999999999929e+01 1.724290033507902820e+02 6.897160134031611278e+02 2.743828244520455182e+46
1.079999999999999893e+01 1.712104839180982481e+02 6.848419356723929923e+02 2.724438188491913409e+46
1.089999999999999858e+01 1.699390374247522573e+02 6.797561496990090291e+02 2.704205914732597591e+46
1.099999999999999822e+01 1.683745752425310513e+02 6.734983009701242054e+02 2.679310940919347818e+46
1.109999999999999787e+01 1.667430711950599402e+02 6.669722847802397609e+02 2.653349143312749813e+46
1.119999999999999751e+01 1.667278878973434644e+02 6.669115515893738575e+02 2.653107534532846844e+46
1.129999999999999716e+01 1.650308980420188050e+02 6.601235921680752199e+02 2.626103674363036771e+46
1.139999999999999680e+01 1.633623727097226777e+02 6.534494908388907106e+02 2.599552764455274597e+46
1.149999999999999645e+01 1.615251993316362018e+02 6.461007973265448072e+02 2.570318191924460163e+46
