6.000000000000000000e+00 3.142693223443536255e+01 4.714039835165304737e+01 7.032522477095479064e+44
6.099999999999999645e+00 3.315357246472225228e+01 4.973035869708337486e+01 7.418899236327639643e+44
6.199999999999999289e+00 3.490721133576993651e+01 5.236081700365490121e+01 7.811317582647747132e+44
6.299999999999998934e+00 3.670462837186450855e+01 5.505694255779675927e+01 8.213532333128514133e+44
6.399999999999998579e+00 3.850666685532317501e+01 5.776000028298476252e+01 8.616781242216372886e+44
6.499999999999998224e+00 4.030867670819266380e+01 6.046301506228899569e+01 9.020023744529927006e+44
6.599999999999997868e+00 4.209106732569183862e+01 6.313660098853775793e+01 9.418875976972532268e+44
6.699999999999997513e+00 4.385037671428720785e+01 6.577556507143080466e+01 9.812563236268726530e+44
6.799999999999997158e+00 4.383747987124793610e+01 6.575621980687191126e+01 9.809677261338666248e+44
6.899999999999996803e+00 4.554515584544898843e+01 6.831773376817348264e+01 1.019181031787054031e+45
6.999999999999996447e+00 4.718390383019571033e+01 7.077585574529356904e+01 1.055851909972225729e+45
7.099999999999996092e+00 4.871327355212765298e+01 7.306991032819148302e+01 1.090075189753542501e+45
7.199999999999995737e+00 5.013376868485380555e+01 7.520065302728070833e+01 1.121862142024230301e+45
7.299999999999995381e+00 5.142262833404298306e+01 7.713394250106446748e+01 1.150703437716505080e+45
7.399999999999995026e+00 5.258665667083955242e+01 7.887998500625933218e+01 1.176751336319628094e+45
7.499999999999994671e+00 5.358596682842095049e+01 8.037895024263141863e+01 1.199113274457136154e+45
7.599999999999994316e+00 5.444246714185016600e+01 8.166370071277525255e+01 1.218279503158359201e+45
7.699999999999993960e+00 5.513507459688273116e+01 8.270261189532409674e+01 1.233778239907418715e+45
7.799999999999993605e+00 5.569511017448719770e+01 8.354266526173080365e+01 1.246310366040815295e+45
7.899999999999993250e+00 5.570842935774496141e+01 8.356264403661744211e+01 1.246608414399268143e+45
7.999999999999992895e+00 5.612336034497889869e+01 8.418504051746835160e+01 1.255893480699722139e+45
