7.000000000000000000e+00 4.666347356921549228e+00 4.666347356921549228e+00 4.639458499333313307e+43
7.099999999999999645e+00 5.022278449516233145e+00 5.022278449516233145e+00 4.993338612922800296e+43
7.199999999999999289e+00 5.304369692747130216e+00 5.304369692747130216e+00 5.273804363946205139e+43
7.299999999999998934e+00 5.505799894450156273e+00 5.505799894450156273e+00 5.474073865942740908e+43
7.399999999999998579e+00 5.642775438381345765e+00 5.642775438381345765e+00 5.610260116747610477e+43
7.499999999999998224e+00 5.703502241878730672e+00 5.703502241878730672e+00 5.670636994650921221e+43
7.599999999999997868e+00 5.681629276328425071e+00 5.681629276328425071e+00 5.648890067522260564e+43
7.699999999999997513e+00 5.567643646180600037e+00 5.567643646180600037e+00 5.535561255896872696e+43
7.799999999999997158e+00 5.399917292994043549e+00 5.399917292994043549e+00 5.368801390988977581e+43
7.899999999999996803e+00 5.386704946551727602e+00 5.386704946551727602e+00 5.355665177949239418e+43
