5.000000000000000000e+00 9.854254999135108051e+01 3.941701999654043220e+02 1.567595504180253029e+46
5.099999999999999645e+00 1.074879881823877099e+02 4.299519527295508396e+02 1.709897775558679011e+46
5.199999999999999289e+00 1.167716527298585731e+02 4.670866109194342926e+02 1.857580485293815877e+46
5.299999999999998934e+00 1.261716617445832753e+02 5.046866469783331013e+02 2.007113979931711935e+46
5.399999999999998579e+00 1.358007879155284172e+02 5.432031516621136689e+02 2.160292225228620139e+46
5.499999999999998224e+00 1.455700179915380659e+02 5.822800719661522635e+02 2.315699215892037565e+46
5.599999999999997868e+00 1.553279751343371515e+02 6.213119005373486061e+02 2.470926878951071342e+46
5.699999999999997513e+00 1.552844432989546135e+02 6.211377731958184540e+02 2.470234383075529696e+46
5.799999999999997158e+00 1.650022948072236773e+02 6.600091792288947090e+02 2.624824053588327459e+46
5.899999999999996803e+00 1.746728538047682378e+02 6.986914152190729510e+02 2.778661404141883069e+46
5.999999999999996447e+00 1.841478257083541621e+02 7.365913028334166484e+02 2.929387393672284981e+46
6.099999999999996092e+00 1.935784228331719419e+02 7.743136913326877675e+02 3.079407477949554863e+46
6.199999999999995737e+00 2.027835775631119191e+02 8.111343102524476762e+02 3.225841268948509240e+46
6.299999999999995381e+00 2.117922269239844582e+02 8.471689076959378326e+02 3.369149091184482867e+46
6.399999999999995026e+00 2.207171710006747958e+02 8.828686840026991831e+02 3.511125346222614807e+46
6.499999999999994671e+00 2.293389798023336539e+02 9.173559192093346155e+02 3.648279384925372093e+46
6.599999999999994316e+00 2.378130591232990980e+02 9.512522364931963921e+02 3.783083372104293486e+46
6.699999999999993960e+00 2.458757401972743253e+02 9.835029607890973011e+02 3.911342916882788405e+46
6.799999999999993605e+00 2.458918343865713609e+02 9.835673375462854438e+02 3.911598940080764246e+46
6.899999999999993250e+00 2.535890624691339212e+02 1.014356249876535685e+03 4.034044930548172173e+46
