1.350000000000000000e+01 9.157359221759631396e+01 3.662943688703852558e+02 1.456734694551124999e+46
1.359999999999999964e+01 8.851664753719867917e+01 3.540665901487947167e+02 1.408105419806969746e+46
1.369999999999999929e+01 8.531157711463052351e+01 3.412463084585220940e+02 1.357119789889336074e+46
1.379999999999999893e+01 8.200714170562113736e+01 3.280285668224845494e+02 1.304553481310231846e+46
1.389999999999999858e+01 7.851836504359027913e+01 3.140734601743611165e+02 1.249054708333801336e+46
1.399999999999999822e+01 7.486172688403075881e+01 2.994469075361230352e+02 1.190885627669229999e+46
1.409999999999999787e+01 7.102146542180972233e+01 2.840858616872388893e+02 1.129795503620453540e+46
1.419999999999999751e+01 6.706303980121018071e+01 2.682521592048407229e+02 1.066825647380399004e+46
1.429999999999999716e+01 6.303886976769631900e+01 2.521554790707852760e+02 1.002809941950136652e+46
1.439999999999999680e+01 5.878229711892564069e+01 2.351291884757025628e+02 9.350972214246866181e+45
1.449999999999999645e+01 5.879091630370324140e+01 2.351636652148129656e+02 9.352343337209307786e+45
1.459999999999999609e+01 5.452645223099544580e+01 2.181058089239817832e+02 8.673960779755528978e+45
1.469999999999999574e+01 5.018218073121008160e+01 2.007287229248403264e+02 7.982882613765340166e+45
1.479999999999999538e+01 4.586484944560120880e+01 1.834593977824048352e+02 7.296090044061062916e+45
1.489999999999999503e+01 4.158199414819874562e+01 1.663279765927949825e+02 6.614781846754221039e+45
