4.385500000000000398e+00 4.484499999999999709e+00 4.583499999999999908e+00 4.682500000000000107e+00
4.781500000000000306e+00 4.880500000000000504e+00 4.979499999999999815e+00 5.078500000000000014e+00
5.177500000000000213e+00 5.276500000000000412e+00 5.375499999999999723e+00 5.474499999999999922e+00
5.573500000000000121e+00 5.672500000000000320e+00 5.771500000000000519e+00 5.870499999999999829e+00
5.969500000000000028e+00 6.068500000000000227e+00 6.167500000000000426e+00 6.266499999999999737e+00
6.365499999999999936e+00 6.464500000000000135e+00 6.563500000000000334e+00 6.662500000000000533e+00
6.761499999999999844e+00 6.860500000000000043e+00 6.959500000000000242e+00 7.058500000000000441e+00
7.157499999999999751e+00 7.256499999999999950e+00 7.355500000000000149e+00 7.454500000000000348e+00
7.553500000000000547e+00 7.652499999999999858e+00 7.751500000000000057e+00 7.850500000000000256e+00
7.949500000000000455e+00 8.048500000000000654e+00 8.147500000000000853e+00 8.246500000000001052e+00
8.345499999999999474e+00 8.444499999999999673e+00 8.543499999999999872e+00 8.642500000000000071e+00
8.741500000000000270e+00 8.840500000000000469e+00 8.939500000000000668e+00 9.038500000000000867e+00
9.137500000000001066e+00 9.236499999999999488e+00 9.335499999999999687e+00 9.434499999999999886e+00
9.533500000000000085e+00 9.632500000000000284e+00 9.731500000000000483e+00 9.830500000000000682e+00
9.929500000000000881e+00 1.002850000000000108e+01 1.012749999999999950e+01 1.022649999999999970e+01
1.032549999999999990e+01 1.042450000000000010e+01 1.052350000000000030e+01 1.062250000000000050e+01
1.072150000000000070e+01 1.082050000000000090e+01 1.091950000000000109e+01 1.101849999999999952e+01
1.111749999999999972e+01 1.121649999999999991e+01 1.131550000000000011e+01 1.141450000000000031e+01
1.151350000000000051e+01 1.161250000000000071e+01 1.171150000000000091e+01 1.181050000000000111e+01
1.190949999999999953e+01 1.200849999999999973e+01 1.210749999999999993e+01 1.220650000000000013e+01
1.230550000000000033e+01 1.240450000000000053e+01 1.250350000000000072e+01 1.260250000000000092e+01
