6.000000000000000000e+00 1.770296044250290279e+01 1.770296044250290279e+01 1.760647930809126123e+44
6.099999999999999645e+00 1.852784083695188144e+01 1.852784083695188144e+01 1.842686410439049280e+44
6.199999999999999289e+00 1.939350947280804505e+01 1.939350947280804505e+01 1.928781484618123945e+44
6.299999999999998934e+00 2.028746776247261607e+01 2.028746776247261607e+01 2.017690106316713929e+44
6.399999999999998579e+00 2.121949087907209019e+01 2.121949087907209019e+01 2.110384465378114719e+44
6.499999999999998224e+00 2.217860112635263192e+01 2.217860112635263192e+01 2.205772775021401018e+44
6.599999999999997868e+00 2.316767734234059262e+01 2.316767734234059262e+01 2.304141350082483486e+44
6.699999999999997513e+00 2.418071715642935260e+01 2.418071715642935260e+01 2.404893224792680918e+44
6.799999999999997158e+00 2.517654667193668772e+01 2.517654667193668772e+01 2.503933449257463152e+44
6.899999999999996803e+00 2.617938279720148387e+01 2.617938279720148387e+01 2.603670516095673360e+44
6.999999999999996447e+00 2.714338887997000072e+01 2.714338887997000072e+01 2.699545741057416386e+44
7.099999999999996092e+00 2.806196449414967731e+01 2.806196449414967731e+01 2.790902678765656092e+44
7.199999999999995737e+00 2.893489563516539320e+01 2.893489563516539320e+01 2.877720045395374023e+44
7.299999999999995381e+00 2.974702094998318813e+01 2.974702094998318813e+01 2.958489968580577559e+44
7.399999999999995026e+00 3.049309187077021477e+01 3.049309187077021477e+01 3.032690452007451311e+44
7.499999999999994671e+00 3.116662586765993126e+01 3.116662586765993126e+01 3.099676775668118056e+44
7.599999999999994316e+00 3.174117766371134408e+01 3.174117766371134408e+01 3.156818824544411631e+44
7.699999999999993960e+00 3.223001397863149009e+01 3.223001397863149009e+01 3.205436040244794700e+44
7.799999999999993605e+00 3.260987016278213702e+01 3.260987016278213702e+01 3.243214637039497353e+44
7.899999999999993250e+00 3.287451997525066361e+01 3.287451997525066361e+01 3.269535384138554606e+44
7.999999999999992895e+00 3.308893578695870019e+01 3.308893578695870019e+01 3.290860108691977442e+44
