1.350000000000000000e+01 2.202187460470514679e+01 4.404374920941029359e+01 8.760742155243800629e+44
1.359999999999999964e+01 2.015969903077242975e+01 4.031939806154485950e+01 8.019931468421887654e+44
1.369999999999999929e+01 1.835061914866223276e+01 3.670123829732446552e+01 7.300243309720808824e+44
1.379999999999999893e+01 1.652153970328859245e+01 3.304307940657718490e+01 6.572598924762267558e+44
1.389999999999999858e+01 1.475790206616647993e+01 2.951580413233295985e+01 5.870988599962348191e+44
1.399999999999999822e+01 1.308060620956574738e+01 2.616121241913149476e+01 5.203726762289445474e+44
1.409999999999999787e+01 1.148875260915022523e+01 2.297750521830045045e+01 4.570455562972142078e+44
1.419999999999999751e+01 9.967955617708879501e+00 1.993591123541775900e+01 3.965452103836945781e+44
1.429999999999999716e+01 8.564460454714325266e+00 1.712892090942865053e+01 3.407113658094452623e+44
1.439999999999999680e+01 7.285102525558956543e+00 1.457020505111791309e+01 2.898159486717863670e+44
1.449999999999999645e+01 6.152861883900731854e+00 1.230572376780146371e+01 2.447731514653388817e+44
1.459999999999999609e+01 5.119084933804746385e+00 1.023816986760949277e+01 2.036474368366203923e+44
1.469999999999999574e+01 4.292682862835494717e+00 8.585365725670989434e+00 1.707715096493216448e+44
1.479999999999999538e+01 3.543894978814768670e+00 7.087789957629537341e+00 1.409832300472091123e+44
1.489999999999999503e+01 2.904313620665105233e+00 5.808627241330210467e+00 1.155394044572992039e+44
1.499999999999999467e+01 2.395572880940593841e+00 4.791145761881187681e+00 9.530068034957869040e+43
