7.000000000000000000e+00 5.415616266492067510e+00 5.415616266492067510e+00 5.386101157839685268e+43
7.099999999999999645e+00 5.767928564396715529e+00 5.767928564396715529e+00 5.736493353720753015e+43
7.199999999999999289e+00 6.073352824767869862e+00 6.073352824767869862e+00 6.040253051872884262e+43
7.299999999999998934e+00 6.320227973418472089e+00 6.320227973418472089e+00 6.285782730963340542e+43
7.399999999999998579e+00 6.517373931560089595e+00 6.517373931560089595e+00 6.481854243633086135e+43
7.499999999999998224e+00 6.640722335478105087e+00 6.640722335478105087e+00 6.604530398749749172e+43
7.599999999999997868e+00 6.657979426505402643e+00 6.657979426505402643e+00 6.621693438630947655e+43
7.699999999999997513e+00 6.605592554297666119e+00 6.605592554297666119e+00 6.569592074876743600e+43
7.799999999999997158e+00 6.455410276639432787e+00 6.455410276639432787e+00 6.420228290631747214e+43
7.899999999999996803e+00 6.241485141700260364e+00 6.241485141700260364e+00 6.207469047677993724e+43
7.999999999999996447e+00 5.628992553243174157e+00 5.628992553243174157e+00 5.598314543827998845e+43
