1.300000000000000000e+01 2.103836485161319558e+01 2.945371079225847311e+01 4.099758586062000313e+44
1.309999999999999964e+01 1.924793226736158047e+01 2.694710517430621266e+01 3.750855930754742414e+44
1.319999999999999929e+01 1.739268304685707278e+01 2.434975626559990047e+01 3.389322419253492773e+44
1.329999999999999893e+01 1.550032609651266569e+01 2.170045653511773054e+01 3.020557702518689149e+44
1.339999999999999858e+01 1.550189039804612889e+01 2.170264655726457903e+01 3.020862538882552944e+44
1.349999999999999822e+01 1.363054268553805670e+01 1.908275975975327654e+01 2.656191904735138613e+44
1.359999999999999787e+01 1.179257313562678178e+01 1.650960238987749307e+01 2.298025692849547894e+44
1.369999999999999751e+01 1.003155765755992590e+01 1.404418072058389555e+01 1.954855566401290706e+44
1.379999999999999716e+01 8.354910885376023444e+00 1.169687523952643282e+01 1.628126419505303580e+44
1.389999999999999680e+01 6.847619269846640933e+00 9.586666977785297306e+00 1.334399612025205779e+44
