MAIN_ID	OTYPE	RA	DEC	COO_ERR_MAJA	COO_ERR_MINA	COO_ERR_ANGLE	PMRA	PMDEC	B	V	R	J	H	K	SP_TYPE	GALDIM_MAJAXIS	GALDIM_MINAXIS	GALDIM_ANGLE	BIBLIST
----------------------	------	-------------	-------------	------	------	---	---------	---------	----------	----------	----------	----------	----------	----------	------	----	----	---	----
BD-06  1253	Ae*	05 36 25.43150	-06 42 57.6855	32.1808	23.0555	90	4.1	-3.83	11.65	10.9	10.29	8.107	6.964	5.947	A1e	 	 	 	384
V* T Ori	Ae*	05 35 50.439	-05 28 34.94	70	60	0	4.5	-1.3	11.637	11.248	10.09	8.271	7.236	6.216	A3IVeb	 	 	 	214
HD  36982	Orion_V*	05 35 09.836	-05 27 53.33	113.11	106.69	0	1.2	2.5	8.58	8.46	 	7.743	7.636	7.472	B1.5Vp	 	 	 	162
HD  36981	V*	05 35 06.198	-05 12 15.94	13	12	0	0.3	-1.2	7.76	7.89	 	8.067	8.156	8.15	B7III/IV	 	 	 	73
V* V1133 Ori	RotV*alf2CVn	05 36 30.9608	-06 27 13.869	15.02	14.47	90	2.2	0	8.03	8.1	 	8.244	8.277	8.288	B9IV/V	 	 	 	67
V* KO Ori	Orion_V*	05 34 56.482	-05 31 36.16	70	60	0	 	 	14.726	13.683	12.84	10.324	9.646	9.37	A7	 	 	 	48
V* V566 Ori	Orion_V*	05 35 35.791	-05 12 20.60	60	60	90	 	 	9.96	9.89	9.9	9.75	9.736	9.731	A0V	 	 	 	47
HD  37060	pMS*	05 35 34.2780	-05 06 21.227	28.9	18.61	90	1.6	-0.6	9.42	9.4	 	9.271	9.336	9.316	(B9)	 	 	 	46
2MASS J05362513-0644418	YSO	05 36 25.133	-06 44 41.85	60	60	90	 	 	19.5	18.16	16.9	11.302	9.47	8.209	K4.5	 	 	 	43
V* BE Ori	Em*	05 37 00.103	-06 33 27.35	80	70	0	 	 	13	13	 	10.11	8.969	8.118	G3.0	 	 	 	38
HD  37131	YSO	05 35 59.2235	-06 16 30.203	38.3	16.17	90	0.1	-1.4	8.3	8.32	 	8.211	8.107	8.075	B7/8V	 	 	 	27
V* V398 Ori	Orion_V*	05 34 40.076	-05 40 09.40	70	60	0	 	 	13.46	12.639	 	9.877	9.1	8.622	K0e	 	 	 	27
V* V474 Ori	Orion_V*	05 34 46.292	-05 39 07.73	70	60	0	 	 	15.881	14.957	 	10.878	9.84	9.235	K6e	 	 	 	25
BD-05  1309	*inNeb	05 35 00.73	-05 05 11.0	 	 	 	 	 	11.37	10.93	 	 	 	 	A0	 	 	 	21
TKK   449	pMS*	05 35 13.10	-04 55 52.5	60	60	90	 	 	 	 	 	13.166	10.886	9.36	A0-F7	 	 	 	6
