6.000000000000000000e+00 2.399406502308537625e+01 2.399406502308537625e+01 2.386329736870955985e+44
6.099999999999999645e+00 2.721750101415241474e+01 2.721750101415241474e+01 2.706916563362528224e+44
6.199999999999999289e+00 3.033926506492381492e+01 3.033926506492381492e+01 3.017391607031997797e+44
6.299999999999998934e+00 3.340732624227881331e+01 3.340732624227881331e+01 3.322525631425839086e+44
6.399999999999998579e+00 3.635984362687310067e+01 3.635984362687310067e+01 3.616168247910664304e+44
6.499999999999998224e+00 3.916037567387782303e+01 3.916037567387782303e+01 3.894695162645518307e+44
6.599999999999997868e+00 4.179225000867633355e+01 4.179225000867633355e+01 4.156448224612904348e+44
6.699999999999997513e+00 4.422839970006938870e+01 4.422839970006938870e+01 4.398735492170400468e+44
6.799999999999997158e+00 4.419112749348091285e+01 4.419112749348091285e+01 4.395028584864144139e+44
6.899999999999996803e+00 4.637760332804495533e+01 4.637760332804495533e+01 4.612484538990710396e+44
6.999999999999996447e+00 4.835077380048539197e+01 4.835077380048539197e+01 4.808726208327274425e+44
7.099999999999996092e+00 5.009193795335675503e+01 5.009193795335675503e+01 4.981893689151095726e+44
7.199999999999995737e+00 5.157951888965212817e+01 5.157951888965212817e+01 5.129841051170352006e+44
7.299999999999995381e+00 5.288389222147980462e+01 5.288389222147980462e+01 5.259567500887273487e+44
7.399999999999995026e+00 5.412275094454962243e+01 5.412275094454962243e+01 5.382778195190182131e+44
7.499999999999994671e+00 5.525951140584841426e+01 5.525951140584841426e+01 5.495834706868653415e+44
7.599999999999994316e+00 5.660963696258723843e+01 5.660963696258723843e+01 5.630111444114113381e+44
7.699999999999993960e+00 5.822131823412709650e+01 5.822131823412709650e+01 5.790401204975109618e+44
7.799999999999993605e+00 6.005078008370181664e+01 6.005078008370181664e+01 5.972350333224563455e+44
7.899999999999993250e+00 6.005695026249781421e+01 6.005695026249781421e+01 5.972963988356719643e+44
7.999999999999992895e+00 6.218504824855321544e+01 6.218504824855321544e+01 6.184613973559859295e+44
