8.500000000000000000e+00 2.800178869115570279e+01 4.200268303673355774e+01 6.266065262127503141e+44
8.599999999999999645e+00 2.736069405538799515e+01 4.104104108308199272e+01 6.122605111376879224e+44
8.699999999999999289e+00 2.661107778060863183e+01 3.991661667091294419e+01 5.954860666508470835e+44
8.799999999999998934e+00 2.579561061942726496e+01 3.869341592914089745e+01 5.772380521849061127e+44
8.899999999999998579e+00 2.484855578481921157e+01 3.727283367722881735e+01 5.560454510053187272e+44
8.999999999999998224e+00 2.382476597050492373e+01 3.573714895575738382e+01 5.331357224092275481e+44
9.099999999999997868e+00 2.275378952338241234e+01 3.413068428507362029e+01 5.091700808357994381e+44
9.199999999999997513e+00 2.159745196708231774e+01 3.239617795062347483e+01 4.832942817118886704e+44
9.299999999999997158e+00 2.044453299937998736e+01 3.066679949906998104e+01 4.574949816270007013e+44
9.399999999999996803e+00 1.923589998142787039e+01 2.885384997214180558e+01 4.304489473469044438e+44
9.499999999999996447e+00 1.872065141840049307e+01 2.808097712760073961e+01 4.189190370338297438e+44
