8.500000000000000000e+00 5.802458399410247125e+01 8.703687599115370688e+01 1.298437875255028675e+45
8.599999999999999645e+00 6.072040782558119076e+01 9.108061173837178615e+01 1.358763336065964807e+45
8.699999999999999289e+00 6.183548250516193434e+01 9.275322375774290151e+01 1.383715780323948050e+45
8.799999999999998934e+00 6.146700197251921338e+01 9.220050295877882718e+01 1.375470153264802092e+45
8.899999999999998579e+00 5.954573307959550732e+01 8.931859961939326809e+01 1.332477198772013310e+45
8.999999999999998224e+00 5.959430646775407325e+01 8.939145970163110633e+01 1.333564143693858116e+45
9.099999999999997868e+00 5.651904852376948440e+01 8.477857278565423371e+01 1.264747943459586071e+45
9.199999999999997513e+00 5.257976476482360795e+01 7.886964714723541192e+01 1.176597113554244582e+45
9.299999999999997158e+00 4.853717148806700266e+01 7.280575723210050398e+01 1.086134487827783253e+45
9.399999999999996803e+00 4.427306435413623120e+01 6.640959653120434325e+01 9.907149634516392307e+44
9.499999999999996447e+00 3.958636295348020440e+01 5.937954443022030659e+01 8.858388886961339818e+44
