0.000000000000000000e+00 -2.000000170471424976e+00 3.025987518380449572e-314 3.026019410317888625e-314
3.026019493320917126e-314 3.026018580287603612e-314 3.024493794891408356e-314 3.024492217833866831e-314
3.024492411507600001e-314 3.024492798855066340e-314 3.024493075531828012e-314 3.024492134830838330e-314
3.024493739556056022e-314 3.024492688184361672e-314 3.024492162498514497e-314 3.024493850226760691e-314
3.024493213870208847e-314 3.024493324540913516e-314 3.024492605181333171e-314 3.024492356172247667e-314
3.024493988565141526e-314 3.024492245501542998e-314 3.024493130867180346e-314 3.024492743519714006e-314
3.024492909525771009e-314 3.024492024160133661e-314 3.024493573549999020e-314 3.024492992528799510e-314
3.024493877894436858e-314 3.024493407543942017e-314 3.024492715852037839e-314 3.024493684220703688e-314
3.024492549845980837e-314 3.024493020196475677e-314 3.024493352208589683e-314 3.024493905562113025e-314
3.024493158534856513e-314 3.024492383839923834e-314 3.024492854190418675e-314 3.024493960897465359e-314
3.024492964861123343e-314 3.024493545882322852e-314 3.024493379876265850e-314 3.024492577513657004e-314
3.026019742330002630e-314 3.026018082269432604e-314 3.026017888595699434e-314 3.026018856964365283e-314
3.026019022970422285e-314 3.026019216644155455e-314 3.026019188976479288e-314 3.026017999266404102e-314
3.026018497284575110e-314 3.026019825333031131e-314 3.026346805882499202e-314 3.026346805882499202e-314
3.024492079495485996e-314 4.032946368544302507e-308 2.123008119616025529e-314 2.161509568452013022e-314
2.161510066470184030e-314 2.781342323134026432e-309 -1.491668274370857999e-154 -2.000000171786293635e+00
5.434722104253711986e-323 0.000000000000000000e+00 0.000000000000000000e+00 0.000000000000000000e+00
0.000000000000000000e+00 0.000000000000000000e+00 0.000000000000000000e+00 3.347869842986204548e-317
0.000000000000000000e+00 0.000000000000000000e+00 0.000000000000000000e+00 0.000000000000000000e+00
0.000000000000000000e+00 0.000000000000000000e+00 0.000000000000000000e+00 0.000000000000000000e+00
3.105036449237239772e+231 -1.491668274356837589e-154 9.881312916824930884e-324 7.231490040148404495e-308
