1.019999999999999929e+01 1.244491063302455292e+00 1.991185701283928466e+00 3.168533982739089698e+43
1.029999999999999893e+01 1.207468784062837308e+00 1.931950054500539693e+00 3.074273482725618964e+43
1.039999999999999858e+01 1.160645524928416883e+00 1.857032839885467190e+00 2.955059217452946536e+43
1.049999999999999822e+01 1.108896510319109296e+00 1.774234416510575008e+00 2.823303742304948051e+43
1.059999999999999787e+01 1.054504680712538667e+00 1.687207489140061911e+00 2.684819533318797541e+43
1.069999999999999751e+01 9.968189353792606955e-01 1.594910296606817157e+00 2.537948856784496058e+43
1.079999999999999716e+01 9.435161136819365524e-01 1.509625781891098528e+00 2.402237314207667483e+43
1.089999999999999680e+01 8.919732771018998863e-01 1.427157243363039951e+00 2.271006778218738311e+43
1.099999999999999645e+01 8.374982667765231703e-01 1.339997226842437161e+00 2.132310787129833609e+43
1.109999999999999609e+01 7.893340350991853160e-01 1.262934456158696594e+00 2.009682341396210708e+43
7.999999999999996447e+00 1.316323465708590135e+01 4.212235090267488857e+01 1.340569090888169987e+45
