1.100000000000000000e+01 5.369457659352494261e+01 1.073891531870498852e+02 2.136077646043609073e+45
1.109999999999999964e+01 5.690453491512371187e+01 1.138090698302474237e+02 2.263776207993451308e+45
1.119999999999999929e+01 5.695086686354984806e+01 1.139017337270996961e+02 2.265619385565739716e+45
1.129999999999999893e+01 5.984083752432439951e+01 1.196816750486487990e+02 2.380588198392673109e+45
1.139999999999999858e+01 6.248207818433968441e+01 1.249641563686793688e+02 2.485662034329401007e+45
1.149999999999999822e+01 6.464989077073920498e+01 1.292997815414784100e+02 2.571901954641546795e+45
1.159999999999999787e+01 6.648971232285740030e+01 1.329794246457148006e+02 2.645093735627912830e+45
1.169999999999999751e+01 6.790630206686032011e+01 1.358126041337206402e+02 2.701448508823836932e+45
1.179999999999999716e+01 6.888692111647476679e+01 1.377738422329495336e+02 2.740459495855599029e+45
1.189999999999999680e+01 6.954669590095502940e+01 1.390933918019100588e+02 2.766706656331792633e+45
1.199999999999999645e+01 6.980945404715801317e+01 1.396189080943160263e+02 2.777159700904039820e+45
