8.000000000000000000e+00 4.012905810204804880e+01 1.203871743061441464e+02 3.591931926185269176e+45
8.099999999999999645e+00 4.294517196076170507e+01 1.288355158822851081e+02 3.844000869621799077e+45
8.199999999999999289e+00 4.578826227500954360e+01 1.373647868250286308e+02 4.098484462104965830e+45
8.299999999999998934e+00 4.871286352726104951e+01 1.461385905817831485e+02 4.360264057893372430e+45
8.399999999999998579e+00 5.169901476434471022e+01 1.550970442930341164e+02 4.627552962049112657e+45
8.499999999999998224e+00 5.473874457706128283e+01 1.642162337311838485e+02 4.899637657720466874e+45
8.599999999999997868e+00 5.778699098338309881e+01 1.733609729501492893e+02 5.172484669427129013e+45
8.699999999999997513e+00 6.092526604930294809e+01 1.827757981479088585e+02 5.453390101440082023e+45
8.799999999999997158e+00 6.407998692923601425e+01 1.922399607877080427e+02 5.735767590042450702e+45
8.899999999999996803e+00 6.721790692423159896e+01 2.016537207726947827e+02 6.016641239834507019e+45
8.999999999999996447e+00 7.030853127324255070e+01 2.109255938197276521e+02 6.293281480002303446e+45
9.099999999999996092e+00 7.334821252609233966e+01 2.200446375782770190e+02 6.565361829104262087e+45
9.199999999999995737e+00 7.645159542279915854e+01 2.293547862683974756e+02 6.843144080497040694e+45
9.299999999999995381e+00 7.937828182115251252e+01 2.381348454634575376e+02 7.105110316670449959e+45
9.399999999999995026e+00 8.218748876297132711e+01 2.465624662889139813e+02 7.356561025429180276e+45
9.499999999999994671e+00 8.494948056928942037e+01 2.548484417078682611e+02 7.603785531016810412e+45
9.599999999999994316e+00 8.754397423494364716e+01 2.626319227048309131e+02 7.836017361782687983e+45
9.699999999999993960e+00 8.988580965667881628e+01 2.696574289700364488e+02 8.045633879464491818e+45
