6.000000000000000000e+00 5.885396665629701829e+01 1.177079333125940366e+02 2.341328501520807728e+45
6.099999999999999645e+00 6.333159128618585498e+01 1.266631825723717100e+02 2.519457364547045438e+45
6.199999999999999289e+00 6.786020911937370670e+01 1.357204182387474134e+02 2.699614839186924532e+45
6.299999999999998934e+00 7.253431806991136455e+01 1.450686361398227291e+02 2.885560241457213704e+45
6.399999999999998579e+00 7.733631370470544653e+01 1.546726274094108931e+02 3.076593231800591735e+45
6.499999999999998224e+00 8.231602628536633404e+01 1.646320525707326681e+02 3.274696157684443102e+45
6.599999999999997868e+00 8.737524288835439279e+01 1.747504857767087856e+02 3.475961912584514354e+45
6.699999999999997513e+00 9.268913114143965970e+01 1.853782622828793194e+02 3.687359015068752364e+45
6.799999999999997158e+00 9.270828532374397923e+01 1.854165706474879585e+02 3.688121006749182504e+45
6.899999999999996803e+00 9.825196016807981891e+01 1.965039203361596378e+02 3.908659479406550907e+45
6.999999999999996447e+00 1.040555915666588476e+02 2.081111831333176951e+02 4.139539543704821944e+45
7.099999999999996092e+00 1.097902006403212170e+02 2.195804012806424339e+02 4.367673761873258298e+45
7.199999999999995737e+00 1.153946384103826972e+02 2.307892768207653944e+02 4.590629505241843852e+45
7.299999999999995381e+00 1.209116303750529084e+02 2.418232607501058169e+02 4.810106479580354134e+45
7.399999999999995026e+00 1.259905294103021447e+02 2.519810588206042894e+02 5.012155241000639423e+45
7.499999999999994671e+00 1.306650441092140227e+02 2.613300882184280454e+02 5.198116784752751595e+45
7.599999999999994316e+00 1.348012324162404525e+02 2.696024648324809050e+02 5.362662627982877096e+45
7.699999999999993960e+00 1.383513488661884026e+02 2.767026977323768051e+02 5.503893360594706606e+45
7.799999999999993605e+00 1.412759836630462473e+02 2.825519673260924947e+02 5.620241182083305104e+45
7.899999999999993250e+00 1.413134221174386767e+02 2.826268442348773533e+02 5.621730558675945133e+45
7.999999999999992895e+00 1.434252856310924074e+02 2.868505712621848147e+02 5.705744712976117836e+45
