1.250000000000000000e+01 1.037856987927576711e+02 2.075713975855153421e+02 4.128802669373485263e+45
1.259999999999999964e+01 9.670845310198308198e+01 1.934169062039661640e+02 3.847255681303090532e+45
1.269999999999999929e+01 8.946287173711023399e+01 1.789257434742204680e+02 3.559011963445719040e+45
1.279999999999999893e+01 8.228843156684912685e+01 1.645768631336982537e+02 3.273598384592391622e+45
1.289999999999999858e+01 7.516663699884324501e+01 1.503332739976864900e+02 2.990279153087981975e+45
1.299999999999999822e+01 6.795337275558937051e+01 1.359067455111787410e+02 2.703321074962856257e+45
1.309999999999999787e+01 6.080909158632508138e+01 1.216181831726501628e+02 2.419107281487184337e+45
1.319999999999999751e+01 5.383185434967757033e+01 1.076637086993551407e+02 2.141538829738872833e+45
1.329999999999999716e+01 4.711927525651722704e+01 9.423855051303445407e+01 1.874499008254768108e+45
1.349999999999999645e+01 4.078378659796850059e+01 8.156757319593700117e+01 1.622460598440382914e+45
