1.050000000000000000e+01 1.238015419230753764e+02 3.714046257692261293e+02 1.108141411676351442e+46
1.059999999999999964e+01 1.244842975372773139e+02 3.734528926118319418e+02 1.114252723041292297e+46
1.069999999999999929e+01 1.249503791265443624e+02 3.748511373796330872e+02 1.118424596042742112e+46
1.079999999999999893e+01 1.251797939341343096e+02 3.755393818024029429e+02 1.120478076514739461e+46
1.089999999999999858e+01 1.252662197773605328e+02 3.757986593320815700e+02 1.121251669916165061e+46
1.099999999999999822e+01 1.251284994943447089e+02 3.753854984830340982e+02 1.120018942548904602e+46
1.109999999999999787e+01 1.246675211489892234e+02 3.740025634469676561e+02 1.115892748428545117e+46
1.119999999999999751e+01 1.246774123656668678e+02 3.740322370970005750e+02 1.115981284214465745e+46
1.129999999999999716e+01 1.240211626120364201e+02 3.720634878361092888e+02 1.110107225482207409e+46
1.139999999999999680e+01 1.230210226867778687e+02 3.690630680603335918e+02 1.101155023018214270e+46
1.149999999999999645e+01 1.217993310505729312e+02 3.653979931517187651e+02 1.090219722267125623e+46
