1.100000000000000000e+01 1.546411626361650349e+01 1.546411626361650349e+01 1.537983682997979234e+44
1.109999999999999964e+01 1.725461364790911745e+01 1.725461364790911745e+01 1.716057600352801081e+44
1.119999999999999929e+01 1.728388120762274838e+01 1.728388120762274838e+01 1.718968405504120371e+44
1.129999999999999893e+01 1.913174255018049763e+01 1.913174255018049763e+01 1.902747455328201253e+44
1.139999999999999858e+01 2.092283885734317650e+01 2.092283885734317650e+01 2.080880938557065468e+44
1.149999999999999822e+01 2.271078839727602627e+01 2.271078839727602627e+01 2.258701460051087048e+44
1.159999999999999787e+01 2.437707191667763595e+01 2.437707191667763595e+01 2.424421687473173897e+44
1.169999999999999751e+01 2.570077261377394251e+01 2.570077261377394251e+01 2.556070340302887227e+44
1.179999999999999716e+01 2.688885536077437877e+01 2.688885536077437877e+01 2.674231109905815610e+44
1.189999999999999680e+01 2.756065942186378948e+01 2.756065942186378948e+01 2.741045382801462935e+44
1.199999999999999645e+01 2.787626518407478926e+01 2.787626518407478926e+01 2.772433953882158086e+44
