5.000000000000000000e+00 1.014307857713918679e+02 4.057231430855674716e+02 1.614047807823004462e+46
5.099999999999999645e+00 1.104462558932644924e+02 4.417850235730579698e+02 1.757509180778339019e+46
5.199999999999999289e+00 1.196003835071074519e+02 4.784015340284298077e+02 1.903176982671899324e+46
5.299999999999998934e+00 1.291542392359854148e+02 5.166169569439416591e+02 2.055205578114388499e+46
5.399999999999998579e+00 1.386497545150609767e+02 5.545990180602439068e+02 2.206305813647262148e+46
5.499999999999998224e+00 1.484040592425308205e+02 5.936162369701232819e+02 2.361524113914544278e+46
5.599999999999997868e+00 1.581931719113970871e+02 6.327726876455883485e+02 2.517296305991679228e+46
5.699999999999997513e+00 1.580211862102065652e+02 6.320847448408262608e+02 2.514559531925774745e+46
5.799999999999997158e+00 1.677478732859016475e+02 6.709914931436065899e+02 2.669338358023895620e+46
5.899999999999996803e+00 1.773667877474193517e+02 7.094671509896774069e+02 2.822402220067134636e+46
5.999999999999996447e+00 1.867133833463666974e+02 7.468535333854667897e+02 2.971132726514063708e+46
6.099999999999996092e+00 1.960786708086860131e+02 7.843146832347440522e+02 3.120160672844458500e+46
6.199999999999995737e+00 2.051813461346261818e+02 8.207253845385047271e+02 3.265009724771079010e+46
6.299999999999995381e+00 2.141508785776157140e+02 8.566035143104628560e+02 3.407740100629883297e+46
6.399999999999995026e+00 2.229569349778787171e+02 8.918277399115148683e+02 3.547869114915988189e+46
6.499999999999994671e+00 2.315676976494655719e+02 9.262707905978622875e+02 3.684890459156415296e+46
6.599999999999994316e+00 2.399426361217668386e+02 9.597705444870673546e+02 3.818159180078451151e+46
6.699999999999993960e+00 2.479627635218916168e+02 9.918510540875664674e+02 3.945781863371156448e+46
6.799999999999993605e+00 2.479626846494516599e+02 9.918507385978066395e+02 3.945780608289794136e+46
6.899999999999993250e+00 2.555494784124726380e+02 1.022197913649890552e+03 4.066507740081994027e+46
6.999999999999992895e+00 2.627917670390745570e+02 1.051167068156298228e+03 4.181752830539385466e+46
