8.000000000000000000e+00 3.412684913564562805e+01 6.825369827129125611e+01 1.357634312314254298e+45
8.099999999999999645e+00 3.280599606459617945e+01 6.561199212919235890e+01 1.305088135441765066e+45
8.199999999999999289e+00 3.392729025992669989e+01 6.785458051985339978e+01 1.349695461120403881e+45
8.299999999999998934e+00 3.743293419790295218e+01 7.486586839580590436e+01 1.489156988260975140e+45
8.399999999999998579e+00 4.385101445454525759e+01 8.770202890909051519e+01 1.744481057030719303e+45
8.499999999999998224e+00 5.309148440492924692e+01 1.061829688098584938e+02 2.112085432596895121e+45
8.599999999999997868e+00 6.219213424145043234e+01 1.243842684829008647e+02 2.474127484393380944e+45
8.699999999999997513e+00 7.071532854285477754e+01 1.414306570857095551e+02 2.813197200091848522e+45
8.799999999999997158e+00 8.027768326464735082e+01 1.605553665292947016e+02 3.193606795634200805e+45
8.899999999999996803e+00 8.707894103129197561e+01 1.741578820625839512e+02 3.464174432106857361e+45
8.999999999999996447e+00 8.701962691023783236e+01 1.740392538204756647e+02 3.461814797743081287e+45
9.099999999999996092e+00 9.427455666607644957e+01 1.885491133321528991e+02 3.750430413289853175e+45
9.199999999999995737e+00 1.009061068442716618e+02 2.018122136885433235e+02 4.014246742478815172e+45
9.299999999999995381e+00 1.042640158096169074e+02 2.085280316192338148e+02 4.147831076938179444e+45
9.399999999999995026e+00 1.054219093093139037e+02 2.108438186186278074e+02 4.193894396143125293e+45
9.499999999999994671e+00 1.064197586596375942e+02 2.128395173192751884e+02 4.233590838997702574e+45
