1.019999999999999929e+01 1.316085212962736861e+01 2.632170425925473722e+01 5.235650194208359201e+44
1.029999999999999893e+01 1.219929484883653892e+01 2.439858969767307784e+01 4.853123476764151366e+44
1.039999999999999858e+01 1.126662831901541040e+01 2.253325663803082080e+01 4.482090077870710211e+44
1.049999999999999822e+01 1.033931163024605304e+01 2.067862326049210608e+01 4.113184952744484552e+44
1.059999999999999787e+01 9.415466213860611333e+00 1.883093242772122267e+01 3.745660769198028486e+44
1.069999999999999751e+01 8.516474370123694015e+00 1.703294874024738803e+01 3.388023833922607669e+44
1.079999999999999716e+01 7.660013882806967267e+00 1.532002776561393453e+01 3.047306722858267456e+44
1.089999999999999680e+01 6.855883460034513099e+00 1.371176692006902620e+01 2.727407558070929952e+44
1.099999999999999645e+01 6.106069648274564443e+00 1.221213929654912889e+01 2.429116627476587173e+44
1.109999999999999609e+01 5.430543444793157093e+00 1.086108688958631419e+01 2.160378793207613429e+44
1.119999999999999574e+01 5.430375870702079055e+00 1.086075174140415811e+01 2.160312128882700751e+44
