7.000000000000000000e+00 5.366159367130920899e+00 1.341539841782730136e+01 3.335571124112535677e+44
7.099999999999999645e+00 5.359039476682887049e+00 1.339759869170721807e+01 3.331145444709352825e+44
7.199999999999999289e+00 5.336877193815372067e+00 1.334219298453843017e+01 3.317369508193174024e+44
7.299999999999998934e+00 5.308133459860261638e+00 1.327033364965065410e+01 3.299502582815014425e+44
7.399999999999998579e+00 5.265955020685581189e+00 1.316488755171395297e+01 3.273284728639277424e+44
7.499999999999998224e+00 5.212564954792529903e+00 1.303141238698132476e+01 3.240097797368068818e+44
7.599999999999997868e+00 5.144547607592476979e+00 1.286136901898119334e+01 3.197818639456936270e+44
7.699999999999997513e+00 5.070049907615882034e+00 1.267512476903970509e+01 3.151511334762109507e+44
7.799999999999997158e+00 4.984187960355686897e+00 1.246046990088921724e+01 3.098140084982342472e+44
7.899999999999996803e+00 4.984521569327649004e+00 1.246130392331912162e+01 3.098347454234258206e+44
7.999999999999996447e+00 4.889888519798509137e+00 1.222472129949627373e+01 3.039524142103504254e+44
