7.000000000000000000e+00 4.552976348342479440e+00 4.552976348342479440e+00 4.528162627244013049e+43
7.099999999999999645e+00 4.858931111403339997e+00 4.858931111403339997e+00 4.832449936846191316e+43
7.199999999999999289e+00 5.120113657024937481e+00 5.120113657024937481e+00 5.092209037594150707e+43
7.299999999999998934e+00 5.319306696710931703e+00 5.319306696710931703e+00 5.290316475213856315e+43
7.399999999999998579e+00 5.448114939910023935e+00 5.448114939910023935e+00 5.418422713487514223e+43
7.499999999999998224e+00 5.493021313151521312e+00 5.493021313151521312e+00 5.463084346994845201e+43
7.599999999999997868e+00 5.457022929180176618e+00 5.457022929180176618e+00 5.427282154216144350e+43
7.699999999999997513e+00 5.348177295583786517e+00 5.348177295583786517e+00 5.319029729322853991e+43
7.799999999999997158e+00 5.144124196199514110e+00 5.144124196199514110e+00 5.116088719330226175e+43
7.899999999999996803e+00 5.149951933382986624e+00 5.149951933382986624e+00 5.121884695346048978e+43
7.999999999999996447e+00 4.881663125100000222e+00 4.881663125100000222e+00 4.855058061068204701e+43
