7.000000000000000000e+00 1.262036326125173957e+02 4.038516243600556663e+02 1.285282025623338881e+46
7.099999999999999645e+00 1.241868612186193275e+02 3.973979558995818593e+02 1.264742838527773286e+46
7.199999999999999289e+00 1.211232855920582381e+02 3.875945138945863846e+02 1.233542796140354908e+46
7.299999999999998934e+00 1.173162962750319593e+02 3.754121480801022699e+02 1.194771685993810218e+46
7.399999999999998579e+00 1.124334211324948853e+02 3.597869476239836786e+02 1.145043548030185446e+46
7.499999999999998224e+00 1.081860426994422824e+02 3.461953366382153376e+02 1.101787430571318616e+46
7.599999999999997868e+00 1.058201954290994706e+02 3.386246253731183060e+02 1.077693187727471401e+46
7.699999999999997513e+00 1.071817764017610983e+02 3.429816844856355260e+02 1.091559789776604280e+46
7.799999999999997158e+00 1.109770980857492333e+02 3.551267138743975806e+02 1.130212074508102653e+46
7.899999999999996803e+00 1.110446009139363923e+02 3.553427229245965009e+02 1.130899536270903870e+46
7.999999999999996447e+00 1.137626432003060444e+02 3.640404582409793761e+02 1.158580600779411435e+46
