8.000000000000000000e+00 3.347862476752743532e+02 1.004358743025823060e+03 2.996654963628996517e+46
8.099999999999999645e+00 3.379841286852876578e+02 1.013952386055862917e+03 3.025279036655575191e+46
8.199999999999999289e+00 3.402386787584114245e+02 1.020716036275234273e+03 3.045459401632602289e+46
8.299999999999998934e+00 3.415616037828019671e+02 1.024684811348405901e+03 3.057300837379671163e+46
8.399999999999998579e+00 3.418791068341105870e+02 1.025637320502331704e+03 3.060142791316781907e+46
8.499999999999998224e+00 3.412836714842898118e+02 1.023851014452869435e+03 3.054813079272303710e+46
8.599999999999997868e+00 3.394333120806327315e+02 1.018299936241898195e+03 3.038250604768139129e+46
8.699999999999997513e+00 3.368930633733371565e+02 1.010679190120011526e+03 3.015512965601572099e+46
8.799999999999997158e+00 3.330710246123667275e+02 9.992130738371001826e+02 2.981302087754063872e+46
8.899999999999996803e+00 3.282103185465944080e+02 9.846309556397832239e+02 2.937794150794638772e+46
8.999999999999996447e+00 3.282447235247811363e+02 9.847341705743433522e+02 2.938102108034139109e+46
9.099999999999996092e+00 3.223299138731583753e+02 9.669897416194751258e+02 2.885158942582946500e+46
9.199999999999995737e+00 3.153493418009165907e+02 9.460480254027497722e+02 2.822676190992914320e+46
9.299999999999995381e+00 3.073215813716481648e+02 9.219647441149445513e+02 2.750820108778554163e+46
9.399999999999995026e+00 2.982906032636505529e+02 8.948718097909516018e+02 2.669984275282772639e+46
9.499999999999994671e+00 2.884091822479238090e+02 8.652275467437714269e+02 2.581536169842053499e+46
