8.000000000000000000e+00 5.171202054587663355e+00 5.171202054587663355e+00 5.143019003390159674e+43
8.099999999999999645e+00 5.648159258352910328e+00 5.648159258352910328e+00 5.617376790394886070e+43
8.199999999999999289e+00 6.194847060209190737e+00 6.194847060209190737e+00 6.161085143731050223e+43
8.299999999999998934e+00 6.816378604363539040e+00 6.816378604363539040e+00 6.779229340969757372e+43
8.399999999999998579e+00 7.528035265419186217e+00 7.528035265419186217e+00 7.487007473222651010e+43
8.499999999999998224e+00 8.313622885565035148e+00 8.313622885565035148e+00 8.268313640838705287e+43
8.599999999999997868e+00 9.235018175076525893e+00 9.235018175076525893e+00 9.184687326022357813e+43
8.699999999999997513e+00 1.020845992158267634e+01 1.020845992158267634e+01 1.015282381501005057e+44
8.799999999999997158e+00 1.129010433784459622e+01 1.129010433784459622e+01 1.122857326920334256e+44
8.899999999999996803e+00 1.246794568909509948e+01 1.246794568909509948e+01 1.239999538508952975e+44
8.999999999999996447e+00 1.243934657391369392e+01 1.243934657391369392e+01 1.237155213508586273e+44
9.099999999999996092e+00 1.371341001741636845e+01 1.371341001741636845e+01 1.363867193282144825e+44
9.199999999999995737e+00 1.503615626021575125e+01 1.503615626021575125e+01 1.495420920859757483e+44
9.299999999999995381e+00 1.639683975182401454e+01 1.639683975182401454e+01 1.630747697517657249e+44
9.399999999999995026e+00 1.779057008449829880e+01 1.779057008449829880e+01 1.769361147753778221e+44
9.499999999999994671e+00 1.922879207752966835e+01 1.922879207752966835e+01 1.912399516070712910e+44
9.599999999999994316e+00 2.061767904245137117e+01 2.061767904245137117e+01 2.050531269167001003e+44
9.699999999999993960e+00 2.200688354215326115e+01 2.200688354215326115e+01 2.188694602684852239e+44
