9.800000000000000711e+00 1.742519716140993324e+01 4.356299290352482956e+01 1.083139364805015484e+45
9.900000000000000355e+00 1.666308962705118191e+01 4.165772406762795299e+01 1.035767236786484352e+45
1.000000000000000000e+01 1.590392424366800306e+01 3.975981060917001031e+01 9.885779910337507072e+44
1.009999999999999964e+01 1.589466801537236051e+01 3.973667003843090129e+01 9.880026296680361921e+44
1.019999999999999929e+01 1.512987358448876662e+01 3.782468396122191479e+01 9.404634858408312706e+44
1.029999999999999893e+01 1.434674215732662006e+01 3.586685539331654837e+01 8.917845257855742856e+44
1.039999999999999858e+01 1.352138711013042638e+01 3.380346777532606950e+01 8.404809718987633606e+44
1.049999999999999822e+01 1.271298996143242377e+01 3.178247490358106120e+01 7.902315103839134761e+44
1.059999999999999787e+01 1.190111414104572241e+01 2.975278535261430690e+01 7.397658168110639812e+44
1.069999999999999751e+01 1.103944613159559118e+01 2.759861532898897707e+01 6.862050718861496605e+44
1.079999999999999716e+01 1.020889283148281912e+01 2.552223207870704869e+01 6.345783978469523345e+44
1.089999999999999680e+01 9.360312403035706552e+00 2.340078100758926638e+01 5.818311687774476135e+44
1.099999999999999645e+01 8.502133494770021116e+00 2.125533373692505279e+01 5.284873042014702570e+44
