6.000000000000000000e+00 1.815948817056116837e+01 1.815948817056116837e+01 1.806051896003160829e+44
6.099999999999999645e+00 1.922316927447334223e+01 1.922316927447334223e+01 1.911840300192746082e+44
6.199999999999999289e+00 2.032426280709253774e+01 2.032426280709253774e+01 2.021349557479388283e+44
6.299999999999998934e+00 2.147036550978474878e+01 2.147036550978474878e+01 2.135335201775642199e+44
6.399999999999998579e+00 2.265426669572977403e+01 2.265426669572977403e+01 2.253080094223804671e+44
6.499999999999998224e+00 2.387754086459765190e+01 2.387754086459765190e+01 2.374740826688559078e+44
6.599999999999997868e+00 2.511541178967631893e+01 2.511541178967631893e+01 2.497853279542258070e+44
6.699999999999997513e+00 2.637472018508688976e+01 2.637472018508688976e+01 2.623097796007816226e+44
6.799999999999997158e+00 2.637961047682171412e+01 2.637961047682171412e+01 2.623584159972303344e+44
6.899999999999996803e+00 2.763134655978495857e+01 2.763134655978495857e+01 2.748075572103412808e+44
6.999999999999996447e+00 2.883111635238789461e+01 2.883111635238789461e+01 2.867398676826737809e+44
7.099999999999996092e+00 2.999136101734008264e+01 2.999136101734008264e+01 2.982790809979557509e+44
7.199999999999995737e+00 3.106897284433205186e+01 3.106897284433205186e+01 3.089964694233043862e+44
7.299999999999995381e+00 3.207736913959893599e+01 3.207736913959893599e+01 3.190254747778812050e+44
7.399999999999995026e+00 3.299206073093657920e+01 3.299206073093657920e+01 3.281225399995297033e+44
7.499999999999994671e+00 3.378286488426510203e+01 3.378286488426510203e+01 3.359874827064585453e+44
7.599999999999994316e+00 3.445821820647832112e+01 3.445821820647832112e+01 3.427042091725301278e+44
7.699999999999993960e+00 3.500893296203095417e+01 3.500893296203095417e+01 3.481813427738788124e+44
7.799999999999993605e+00 3.539905438413126859e+01 3.539905438413126859e+01 3.520612953773774969e+44
7.899999999999993250e+00 3.540771892716840341e+01 3.540771892716840341e+01 3.521474685901533423e+44
7.999999999999992895e+00 3.565336315828103864e+01 3.565336315828103864e+01 3.545905232906840396e+44
