7.000000000000000000e+00 3.668481181987498285e+00 3.668481181987498285e+00 3.648487959545666330e+43
7.099999999999999645e+00 3.750024173134891559e+00 3.750024173134891559e+00 3.729586541391306218e+43
7.199999999999999289e+00 3.638735365942421751e+00 3.638735365942421751e+00 3.618904258198035062e+43
7.299999999999998934e+00 3.354111053178839619e+00 3.354111053178839619e+00 3.335831147939014552e+43
7.399999999999998579e+00 3.156444160843975055e+00 3.156444160843975055e+00 3.139241540167374921e+43
7.499999999999998224e+00 3.004801280847702927e+00 3.004801280847702927e+00 2.988425113867082763e+43
7.599999999999997868e+00 3.402368793339860975e+00 3.402368793339860975e+00 3.383825883416158238e+43
7.699999999999997513e+00 3.758214144134224721e+00 3.758214144134224721e+00 3.737731877048692647e+43
7.799999999999997158e+00 4.098116009755200295e+00 4.098116009755200295e+00 4.075781277502034230e+43
7.899999999999996803e+00 4.116235576803513929e+00 4.116235576803513929e+00 4.093802092909934387e+43
7.999999999999996447e+00 4.184826175023798278e+00 4.184826175023798278e+00 4.162018872369918058e+43
