7.000000000000000000e+00 1.269131663233158136e+01 3.807394989699474763e+01 1.135993406101683631e+45
7.099999999999999645e+00 1.290066454795496043e+01 3.870199364386488128e+01 1.154732033355174432e+45
7.199999999999999289e+00 1.311125696918000472e+01 3.933377090754001415e+01 1.173582055682817602e+45
7.299999999999998934e+00 1.331484252532422730e+01 3.994452757597268544e+01 1.191804897020508860e+45
7.399999999999998579e+00 1.352134691397070299e+01 4.056404074191210896e+01 1.210289001596060484e+45
7.499999999999998224e+00 1.374872633744717554e+01 4.124617901234152839e+01 1.230641620101727945e+45
7.599999999999997868e+00 1.395455422401119350e+01 4.186366267203358404e+01 1.249065171314129804e+45
7.699999999999997513e+00 1.414966393855362981e+01 4.244899181566088942e+01 1.266529344307966039e+45
7.799999999999997158e+00 1.434737077000492178e+01 4.304211231001476534e+01 1.284225983937755347e+45
7.899999999999996803e+00 1.433571258657840808e+01 4.300713775973522246e+01 1.283182465768339764e+45
7.999999999999996447e+00 1.450914912651897382e+01 4.352744737955691789e+01 1.298706683740149813e+45
