1.350000000000000000e+01 5.210826344372774344e+01 2.084330537749109737e+02 8.291883745273507759e+45
1.359999999999999964e+01 5.033495816144026946e+01 2.013398326457610779e+02 8.009701222313666909e+45
1.369999999999999929e+01 4.851982363982708080e+01 1.940792945593083232e+02 7.720862496158403541e+45
1.379999999999999893e+01 4.662269470831635942e+01 1.864907788332654377e+02 7.418976163544964475e+45
1.389999999999999858e+01 4.478111179198079839e+01 1.791244471679231935e+02 7.125928757234319554e+45
1.399999999999999822e+01 4.283385336185895653e+01 1.713354134474358261e+02 6.816065417765891284e+45
1.409999999999999787e+01 4.091344293356366535e+01 1.636537717342546614e+02 6.510474347132118698e+45
1.419999999999999751e+01 3.893474480170620211e+01 1.557389792068248084e+02 6.195608070805903957e+45
1.429999999999999716e+01 3.702593353098108508e+01 1.481037341239243403e+02 5.891862750917957807e+45
1.439999999999999680e+01 3.507871524701677401e+01 1.403148609880670961e+02 5.582005799827284913e+45
1.449999999999999645e+01 3.510188312215998252e+01 1.404075324886399301e+02 5.585692457463073323e+45
1.459999999999999609e+01 3.319502368559211192e+01 1.327800947423684477e+02 5.282257729040901301e+45
1.469999999999999574e+01 3.127445882497970331e+01 1.250978352999188132e+02 4.976642083901369593e+45
1.479999999999999538e+01 2.936251946065409868e+01 1.174500778426163947e+02 4.672398996734965161e+45
1.489999999999999503e+01 2.747819796000359815e+01 1.099127918400143926e+02 4.372550684979452339e+45
1.499999999999999467e+01 2.559574860518119976e+01 1.023829944207247991e+02 4.073000284045273930e+45
