8.000000000000000000e+00 1.087672153620742534e+02 2.175344307241485069e+02 4.326977361534037387e+45
8.099999999999999645e+00 1.099976862220445497e+02 2.199953724440890994e+02 4.375927953285375782e+45
8.199999999999999289e+00 1.108564235821531696e+02 2.217128471643063392e+02 4.410090242945217311e+45
8.299999999999998934e+00 1.111589376289824429e+02 2.223178752579648858e+02 4.422124856756178964e+45
8.399999999999998579e+00 1.109595335837644399e+02 2.219190671675288797e+02 4.414192165029316442e+45
8.499999999999998224e+00 1.102293840749057665e+02 2.204587681498115330e+02 4.385145357267900870e+45
8.599999999999997868e+00 1.089782678410389565e+02 2.179565356820779130e+02 4.335373451252211296e+45
8.699999999999997513e+00 1.072381747460646295e+02 2.144763494921292590e+02 4.266149067747942449e+45
8.799999999999997158e+00 1.051336992257117657e+02 2.102673984514235315e+02 4.182428822597264919e+45
8.899999999999996803e+00 1.026691259506025062e+02 2.053382519012050125e+02 4.084383168566868708e+45
8.999999999999996447e+00 1.026627618422167245e+02 2.053255236844334490e+02 4.084129991607065452e+45
9.099999999999996092e+00 9.986994145305695270e+01 1.997398829061139054e+02 3.973026010885511367e+45
9.199999999999995737e+00 9.674414693899831263e+01 1.934882938779966253e+02 3.848675653527230818e+45
9.299999999999995381e+00 9.340659615034913088e+01 1.868131923006982618e+02 3.715901208053189003e+45
9.399999999999995026e+00 8.985279112551731373e+01 1.797055822510346275e+02 3.574523736555329175e+45
9.499999999999994671e+00 8.612194175306105137e+01 1.722438835061221027e+02 3.426103086820274445e+45
