6.000000000000000000e+00 7.384385180731564802e+00 1.476877036146312960e+01 2.937656112598630672e+44
6.099999999999999645e+00 8.671041387414994972e+00 1.734208277482998994e+01 3.449513684741432890e+44
6.199999999999999289e+00 1.010920505960833538e+01 2.021841011921667075e+01 4.021643956813387568e+44
6.299999999999998934e+00 1.168510308674212617e+01 2.337020617348425233e+01 4.648567709967752215e+44
6.399999999999998579e+00 1.342096202764105684e+01 2.684192405528211367e+01 5.339127113836164662e+44
6.499999999999998224e+00 1.528653862638491390e+01 3.057307725276982779e+01 6.081290796348446330e+44
6.599999999999997868e+00 1.725650275147528134e+01 3.451300550295056269e+01 6.864981924591895989e+44
6.699999999999997513e+00 1.930726188224092965e+01 3.861452376448185930e+01 7.680814921993086319e+44
6.799999999999997158e+00 1.930151521168135176e+01 3.860303042336270352e+01 7.678528781511074175e+44
6.899999999999996803e+00 2.142695578315401406e+01 4.285391156630802811e+01 8.524071549654329818e+44
6.999999999999996447e+00 2.358827907716767669e+01 4.717655815433535338e+01 9.383889182478843922e+44
