5.000000000000000000e+00 5.702592178345319951e+01 2.281036871338127980e+02 9.074420881557339767e+45
5.099999999999999645e+00 6.127895212540654768e+01 2.451158085016261907e+02 9.751197093811692095e+45
5.199999999999999289e+00 6.548333314268336380e+01 2.619333325707334552e+02 1.042023183632891752e+46
5.299999999999998934e+00 6.982242181679535520e+01 2.792896872671814208e+02 1.111070233886300984e+46
5.399999999999998579e+00 7.430677111386160050e+01 2.972270844554464020e+02 1.182428787380656770e+46
5.499999999999998224e+00 7.846426820081531162e+01 3.138570728032612465e+02 1.248586207025933816e+46
5.599999999999997868e+00 8.286644343890618813e+01 3.314657737556247525e+02 1.318637141154626271e+46
5.699999999999997513e+00 8.287552646965121994e+01 3.315021058786048798e+02 1.318781677606265810e+46
5.799999999999997158e+00 8.723772599008577799e+01 3.489509039603431120e+02 1.388196486135036934e+46
5.899999999999996803e+00 9.159163798168953008e+01 3.663665519267581203e+02 1.457479416875028992e+46
5.999999999999996447e+00 9.589099052997690364e+01 3.835639621199076146e+02 1.525894154105416313e+46
6.099999999999996092e+00 1.001465824605071617e+02 4.005863298420286469e+02 1.593612537377558108e+46
6.199999999999995737e+00 1.043176194490572470e+02 4.172704777962289882e+02 1.659985414768958067e+46
6.299999999999995381e+00 1.084431504098375001e+02 4.337726016393500004e+02 1.725634163841662147e+46
6.399999999999995026e+00 1.124801811608601554e+02 4.499207246434406215e+02 1.789874626776535437e+46
6.499999999999994671e+00 1.165126798840541227e+02 4.660507195362164907e+02 1.854042972458976168e+46
6.599999999999994316e+00 1.204515854906887000e+02 4.818063419627548001e+02 1.916721989596231052e+46
6.699999999999993960e+00 1.242970987738578259e+02 4.971883950954313036e+02 1.977914873368644708e+46
6.799999999999993605e+00 1.242837958608132567e+02 4.971351834432530268e+02 1.977703186773949012e+46
6.899999999999993250e+00 1.280476867537607291e+02 5.121907470150429162e+02 2.037597229775243530e+46
6.999999999999992895e+00 1.316328427343668750e+02 5.265313709374675000e+02 2.094647099863432911e+46
