7.000000000000000000e+00 1.345821798954465010e+01 4.037465396863395029e+01 1.204638363135146684e+45
7.099999999999999645e+00 1.366990552007985293e+01 4.100971656023956058e+01 1.223586408149587485e+45
7.199999999999999289e+00 1.389932712731214615e+01 4.169798138193643666e+01 1.244121821502146522e+45
7.299999999999998934e+00 1.411376362975932253e+01 4.234129088927797113e+01 1.263315925617941976e+45
7.399999999999998579e+00 1.430055587041450949e+01 4.290166761124352490e+01 1.280035605682867526e+45
7.499999999999998224e+00 1.448130100195166214e+01 4.344390300585498466e+01 1.296214012034192075e+45
7.599999999999997868e+00 1.463989261645245854e+01 4.391967784935737740e+01 1.310409468152351158e+45
7.699999999999997513e+00 1.478444135631909084e+01 4.435332406895727075e+01 1.323347953583443496e+45
7.799999999999997158e+00 1.490663435132043269e+01 4.471990305396129628e+01 1.334285387469516001e+45
7.899999999999996803e+00 1.492616853416776657e+01 4.477850560250330147e+01 1.336033882409089426e+45
7.999999999999996447e+00 1.501477561032200292e+01 4.504432683096600698e+01 1.343965057492117043e+45
