6.000000000000000000e+00 7.791053195816378718e+01 1.558210639163275744e+02 3.099436782359671355e+45
6.099999999999999645e+00 8.220786118164643597e+01 1.644157223632928719e+02 3.270393133528258076e+45
6.199999999999999289e+00 8.649719317370585259e+01 1.729943863474117052e+02 3.441031338836366154e+45
6.299999999999998934e+00 9.074718305920664818e+01 1.814943661184132964e+02 3.610104436461358547e+45
6.399999999999998579e+00 9.490598844242893506e+01 1.898119768848578701e+02 3.775550032216707293e+45
6.499999999999998224e+00 9.897497983882766448e+01 1.979499596776553290e+02 3.937422647948242044e+45
6.599999999999997868e+00 1.029205054960240773e+02 2.058410109920481545e+02 4.094383549642829492e+45
6.699999999999997513e+00 1.067849165114152044e+02 2.135698330228304087e+02 4.248117548657119560e+45
6.799999999999997158e+00 1.104881065387569663e+02 2.209762130775139326e+02 4.395437854324829095e+45
6.899999999999996803e+00 1.140319315433010559e+02 2.280638630866021117e+02 4.536418300655602272e+45
6.999999999999996447e+00 1.174158266785442635e+02 2.348316533570885269e+02 4.671036416925847413e+45
7.099999999999996092e+00 1.206282435007319265e+02 2.412564870014638529e+02 4.798832782946116848e+45
7.199999999999995737e+00 1.236842620638043826e+02 2.473685241276087652e+02 4.920407313422265357e+45
7.299999999999995381e+00 1.265171367551994877e+02 2.530342735103989753e+02 5.033104734395345572e+45
7.399999999999995026e+00 1.291940191146468351e+02 2.583880382292936702e+02 5.139596468418879885e+45
7.499999999999994671e+00 1.316900113336312188e+02 2.633800226672624376e+02 5.238892030874516483e+45
7.599999999999994316e+00 1.339771836031963801e+02 2.679543672063927602e+02 5.329880318102358017e+45
7.699999999999993960e+00 1.360500304408602119e+02 2.721000608817204238e+02 5.412342310998300714e+45
7.799999999999993605e+00 1.379425836542556851e+02 2.758851673085113703e+02 5.487631862933599269e+45
7.899999999999993250e+00 1.396766529571302442e+02 2.793533059142604884e+02 5.556616607940554655e+45
7.999999999999992895e+00 1.425004929068895763e+02 2.850009858137791525e+02 5.668954608821880465e+45
