1.050000000000000000e+01 1.686713471896353056e+01 3.373426943792706112e+01 6.710083533898070977e+44
1.059999999999999964e+01 1.525908749566594302e+01 3.051817499133188605e+01 6.070370187525825165e+44
1.069999999999999929e+01 1.430951637651355668e+01 2.861903275302711336e+01 5.692611804904622999e+44
1.079999999999999893e+01 1.329399666220771081e+01 2.658799332441542163e+01 5.288617752159471216e+44
1.089999999999999858e+01 1.302466545618782945e+01 2.604933091237565890e+01 5.181472411780641706e+44
1.099999999999999822e+01 1.338063582581723665e+01 2.676127165163447330e+01 5.323084544226612389e+44
1.109999999999999787e+01 1.499105604167096040e+01 2.998211208334192079e+01 5.963741914497540770e+44
1.119999999999999751e+01 1.499813234502810744e+01 2.999626469005621487e+01 5.966557009499080942e+44
1.129999999999999716e+01 1.731905324636311860e+01 3.463810649272623721e+01 6.889865762468175019e+44
1.139999999999999680e+01 1.914643039958358628e+01 3.829286079916717256e+01 7.616832941562342033e+44
1.149999999999999645e+01 2.251765123040210170e+01 4.503530246080420341e+01 8.957972012478563864e+44
