8.840500000000000469e+00 9.533500000000000085e+00 9.830500000000000682e+00 9.929500000000000881e+00
1.002850000000000108e+01 1.012749999999999950e+01 1.022649999999999970e+01 1.032549999999999990e+01
1.042450000000000010e+01 1.052350000000000030e+01 1.062250000000000050e+01 1.072150000000000070e+01
1.082050000000000090e+01 1.091950000000000109e+01 1.101849999999999952e+01 1.111749999999999972e+01
1.121649999999999991e+01 1.131550000000000011e+01 1.141450000000000031e+01 1.151350000000000051e+01
1.161250000000000071e+01 1.171150000000000091e+01 1.181050000000000111e+01 1.190949999999999953e+01
1.200849999999999973e+01 1.210749999999999993e+01 1.220650000000000013e+01 1.230550000000000033e+01
1.240450000000000053e+01 1.250350000000000072e+01 1.260250000000000092e+01 1.270150000000000112e+01
1.280049999999999955e+01 1.289949999999999974e+01 1.299849999999999994e+01 1.309750000000000014e+01
1.319650000000000034e+01 1.329550000000000054e+01 1.339450000000000074e+01 1.349350000000000094e+01
1.359250000000000114e+01 1.369149999999999956e+01 1.379049999999999976e+01 1.388949999999999996e+01
