1.019999999999999929e+01 1.253837712649411884e+01 2.507675425298823768e+01 4.988017188461889635e+44
1.029999999999999893e+01 1.159142797017915072e+01 2.318285594035830144e+01 4.611301875096669098e+44
1.039999999999999858e+01 1.066321140811040280e+01 2.132642281622080560e+01 4.242038762374480301e+44
1.049999999999999822e+01 9.739176422569126856e+00 1.947835284513825371e+01 3.874439164426450066e+44
1.059999999999999787e+01 8.836783385290011950e+00 1.767356677058002390e+01 3.515449166336072321e+44
1.069999999999999751e+01 7.960431426788696641e+00 1.592086285357739328e+01 3.166818830205079092e+44
1.079999999999999716e+01 7.126804820065654411e+00 1.425360964013130882e+01 2.835185493518518211e+44
1.089999999999999680e+01 6.334469561021734307e+00 1.266893912204346861e+01 2.519978680765665954e+44
1.099999999999999645e+01 5.625282687844983087e+00 1.125056537568996617e+01 2.237849958878490819e+44
1.109999999999999609e+01 4.956179615928285820e+00 9.912359231856571640e+00 1.971667374808590443e+44
1.119999999999999574e+01 4.956537396049670363e+00 9.913074792099340726e+00 1.971809706896479775e+44
