6.000000000000000000e+00 5.140956441292679813e+00 1.542286932387803944e+01 4.601644405818870739e+44
6.099999999999999645e+00 5.530761899243669788e+00 1.659228569773100759e+01 4.950557322203512720e+44
6.199999999999999289e+00 5.878027425260616390e+00 1.763408227578185006e+01 5.261392958213651326e+44
6.299999999999998934e+00 6.195433952191644167e+00 1.858630185657493428e+01 5.545501953436978825e+44
6.399999999999998579e+00 6.532031664020205852e+00 1.959609499206061756e+01 5.846788882306166045e+44
6.499999999999998224e+00 6.817002363981751856e+00 2.045100709194525734e+01 6.101864730988245620e+44
6.599999999999997868e+00 7.106895347983163802e+00 2.132068604394949318e+01 6.361346491502989303e+44
6.699999999999997513e+00 7.428758972962304696e+00 2.228627691888691231e+01 6.649445012903693272e+44
6.799999999999997158e+00 7.656447882796044269e+00 2.296934364838813281e+01 6.853248217651325031e+44
6.899999999999996803e+00 7.929420770475507751e+00 2.378826231142652148e+01 7.097584884548773780e+44
6.999999999999996447e+00 8.258288249336052544e+00 2.477486474800815586e+01 7.391952520539452678e+44
7.099999999999996092e+00 8.512086895789979124e+00 2.553626068736993915e+01 7.619126419987130829e+44
7.199999999999995737e+00 8.742018416213621634e+00 2.622605524864086490e+01 7.824936974260732064e+44
7.299999999999995381e+00 9.063482538098867280e+00 2.719044761429660184e+01 8.112677902439605193e+44
7.399999999999995026e+00 9.408114292726782679e+00 2.822434287818034804e+01 8.421156062848278804e+44
7.499999999999994671e+00 9.739052806298067466e+00 2.921715841889420062e+01 8.717377471653368241e+44
7.599999999999994316e+00 1.008262961091174681e+01 3.024788883273524220e+01 9.024911351579049032e+44
7.699999999999993960e+00 1.041827702325075222e+01 3.125483106975225667e+01 9.325347672126631849e+44
7.799999999999993605e+00 1.076450950910913562e+01 3.229352852732741042e+01 9.635258639056040675e+44
7.899999999999993250e+00 1.113213670101105635e+01 3.339641010303316904e+01 9.964319900391490968e+44
7.999999999999992895e+00 1.186398072604815468e+01 3.559194217814446404e+01 1.061938982798207243e+45
