1.350000000000000000e+01 9.154394978672885941e+01 3.661757991469154376e+02 1.456720564166258890e+46
1.359999999999999964e+01 8.856284590725414319e+01 3.542513836290165727e+02 1.409282854352953709e+46
1.369999999999999929e+01 8.535710877481815828e+01 3.414284350992726331e+02 1.358270600511926196e+46
1.379999999999999893e+01 8.206057642866534252e+01 3.282423057146613701e+02 1.305813540594065809e+46
1.389999999999999858e+01 7.844331583846849298e+01 3.137732633538739719e+02 1.248252796274381218e+46
1.399999999999999822e+01 7.478408647404023668e+01 2.991363458961609467e+02 1.190024211244107477e+46
1.409999999999999787e+01 7.102453708951350109e+01 2.840981483580540043e+02 1.130199253798010338e+46
1.419999999999999751e+01 6.707215877916949864e+01 2.682886351166779946e+02 1.067305848221168354e+46
1.429999999999999716e+01 6.305833328973066187e+01 2.522333331589226475e+02 1.003434645972825966e+46
1.439999999999999680e+01 5.879721551700229298e+01 2.351888620680091719e+02 9.356283310789540183e+45
1.449999999999999645e+01 5.874748124836858665e+01 2.349899249934743466e+02 9.348369196090395741e+45
1.459999999999999609e+01 5.448276483616703558e+01 2.179310593446681423e+02 8.669733402849586732e+45
1.469999999999999574e+01 5.016918347910274179e+01 2.006767339164109671e+02 7.983321828662660915e+45
1.479999999999999538e+01 4.583888891678932254e+01 1.833555556671572901e+02 7.294250715550850476e+45
1.489999999999999503e+01 4.152958420552575802e+01 1.661183368221030321e+02 6.608519675456902171e+45
1.499999999999999467e+01 3.732307779372580825e+01 1.492923111749032330e+02 5.939146723160000507e+45
