7.000000000000000000e+00 9.303564755770036498e+00 1.860712951154007300e+01 3.701144131140435751e+44
7.099999999999999645e+00 9.473553326349831494e+00 1.894710665269966299e+01 3.768768984288489759e+44
7.199999999999999289e+00 9.585494388688733380e+00 1.917098877737746676e+01 3.813301377708151386e+44
7.299999999999998934e+00 9.653723361493883104e+00 1.930744672298776621e+01 3.840444227669495946e+44
7.399999999999998579e+00 9.682836524432246961e+00 1.936567304886449392e+01 3.852026026149636004e+44
7.499999999999998224e+00 9.670519836951804393e+00 1.934103967390360879e+01 3.847126201536166655e+44
7.599999999999997868e+00 9.625258907660356300e+00 1.925051781532071260e+01 3.829120498645442970e+44
7.699999999999997513e+00 9.568092917379782847e+00 1.913618583475956569e+01 3.806378724392025095e+44
7.799999999999997158e+00 9.485135663003928741e+00 1.897027132600785748e+01 3.773376669456222716e+44
7.899999999999996803e+00 9.496313547726547455e+00 1.899262709545309491e+01 3.777823455556575012e+44
7.999999999999996447e+00 9.408872259781251302e+00 1.881774451956250260e+01 3.743037562386177428e+44
