6.000000000000000000e+00 1.190451766775565723e+01 2.380903533551131446e+01 4.735855218586554987e+44
6.099999999999999645e+00 1.507019737358239553e+01 3.014039474716479106e+01 5.995225919158548357e+44
6.199999999999999289e+00 1.878972979083347283e+01 3.757945958166694567e+01 7.474930305389371410e+44
6.299999999999998934e+00 2.299908863056514008e+01 4.599817726113028016e+01 9.149497439011422492e+44
6.399999999999998579e+00 2.774243307997071639e+01 5.548486615994143278e+01 1.103649472787395026e+45
6.499999999999998224e+00 3.293321813605896153e+01 6.586643627211792307e+01 1.310149283888697452e+45
6.599999999999997868e+00 3.846857271367446174e+01 7.693714542734892348e+01 1.530356759695397238e+45
6.699999999999997513e+00 4.421725890775925905e+01 8.843451781551851809e+01 1.759050993868478581e+45
6.799999999999997158e+00 4.418435725927655255e+01 8.836871451855310511e+01 1.757742100488539542e+45
6.899999999999996803e+00 5.008674938398816323e+01 1.001734987679763265e+02 1.992551063993817062e+45
6.999999999999996447e+00 5.561932286216494248e+01 1.112386457243298850e+02 2.212647902102645640e+45
