7.000000000000000000e+00 4.670671620274560176e+00 4.670671620274560176e+00 4.645216459944063640e+43
7.099999999999999645e+00 5.018125642852789170e+00 5.018125642852789170e+00 4.990776858099241117e+43
7.199999999999999289e+00 5.288226230951993401e+00 5.288226230951993401e+00 5.259405397993304709e+43
7.299999999999998934e+00 5.515287919446546283e+00 5.515287919446546283e+00 5.485229600285561793e+43
7.399999999999998579e+00 5.645319722197587708e+00 5.645319722197587708e+00 5.614552729711610529e+43
7.499999999999998224e+00 5.700738321001727726e+00 5.700738321001727726e+00 5.669669297152267645e+43
7.599999999999997868e+00 5.678610756563086781e+00 5.678610756563086781e+00 5.647662327939817084e+43
7.699999999999997513e+00 5.579431636271188211e+00 5.579431636271188211e+00 5.549023733853509752e+43
7.799999999999997158e+00 5.394075171371510713e+00 5.394075171371510713e+00 5.364677461687535411e+43
7.899999999999996803e+00 5.401073306221888970e+00 5.401073306221888970e+00 5.371637456702978805e+43
7.999999999999996447e+00 5.143989224139991379e+00 5.143989224139991379e+00 5.115954482868427753e+43
