1.300000000000000000e+01 3.210895111402687263e+01 6.100700711665105302e+01 1.152815859629440738e+45
1.309999999999999964e+01 3.006948678369064964e+01 5.713202488901222864e+01 1.079592451713975099e+45
1.319999999999999929e+01 2.798064952625847823e+01 5.316323409989110615e+01 1.004596395006887288e+45
1.329999999999999893e+01 2.581547666088798110e+01 4.904940565568715982e+01 9.268596415024096704e+44
1.339999999999999858e+01 2.587224050952342580e+01 4.915725696809450795e+01 9.288976484347494425e+44
1.349999999999999822e+01 2.363059507696405603e+01 4.489813064623170646e+01 8.484152808499849946e+44
1.359999999999999787e+01 2.158161322987371733e+01 4.100506513676005937e+01 7.748501631035295969e+44
1.369999999999999751e+01 1.951543340743864619e+01 3.707932347413342455e+01 7.006675820627886138e+44
1.379999999999999716e+01 1.748797026938433419e+01 3.322714351183023496e+01 6.278750560141244264e+44
1.389999999999999680e+01 1.546651842882844363e+01 2.938638501477404219e+01 5.552983551124268802e+44
1.399999999999999645e+01 1.349201616496833367e+01 2.563483071343983255e+01 4.844072968349800765e+44
