6.000000000000000000e+00 5.828294714222528228e+01 1.165658942844505646e+02 2.318612203212005836e+45
6.099999999999999645e+00 6.281234762163142449e+01 1.256246952432628490e+02 2.498800813083741006e+45
6.199999999999999289e+00 6.739107400738103593e+01 1.347821480147620719e+02 2.680951706161632225e+45
6.299999999999998934e+00 7.203715270207902677e+01 1.440743054041580535e+02 2.865782008794107808e+45
6.399999999999998579e+00 7.690795729895211252e+01 1.538159145979042250e+02 3.059552357266912992e+45
6.499999999999998224e+00 8.181516726394933414e+01 1.636303345278986683e+02 3.254770984094431944e+45
6.599999999999997868e+00 8.698418040802658879e+01 1.739683608160531776e+02 3.460404664992113176e+45
6.699999999999997513e+00 9.237413996139022743e+01 1.847482799227804549e+02 3.674828035944025672e+45
6.799999999999997158e+00 9.242651023497828078e+01 1.848530204699565616e+02 3.676911430167905414e+45
6.899999999999996803e+00 9.797838075666240343e+01 1.959567615133248069e+02 3.897775943261543683e+45
6.999999999999996447e+00 1.037242021021616836e+02 2.074484042043233671e+02 4.126356208028195496e+45
7.099999999999996092e+00 1.095311551336422582e+02 2.190623102672845164e+02 4.357368413526555914e+45
7.199999999999995737e+00 1.152631271643276420e+02 2.305262543286552841e+02 4.585397724851281571e+45
7.299999999999995381e+00 1.207502477653640511e+02 2.415004955307281023e+02 4.803686356601712447e+45
7.399999999999995026e+00 1.258332130895364003e+02 2.516664261790728006e+02 5.005896883127936467e+45
7.499999999999994671e+00 1.305973598239037017e+02 2.611947196478074034e+02 5.195424168514536697e+45
7.599999999999994316e+00 1.347915174536625784e+02 2.695830349073251568e+02 5.362276147341604117e+45
7.699999999999993960e+00 1.382711192041878121e+02 2.765422384083756242e+02 5.500701664180999050e+45
7.799999999999993605e+00 1.412452605350749195e+02 2.824905210701498390e+02 5.619018954606349742e+45
7.899999999999993250e+00 1.412729220905251850e+02 2.825458441810503700e+02 5.620119386605272659e+45
7.999999999999992895e+00 1.434970571883075650e+02 2.869941143766151299e+02 5.708599929065250766e+45
