7.000000000000000000e+00 1.052363320154642423e+01 3.367562624494856038e+01 1.071747010621234942e+45
7.099999999999999645e+00 1.064473125735435843e+01 3.406314002353394699e+01 1.084079869132982070e+45
7.199999999999999289e+00 1.071594484076800136e+01 3.429102349045760434e+01 1.091332397197907667e+45
7.299999999999998934e+00 1.068929654136453777e+01 3.420574893236652514e+01 1.088618483221924071e+45
7.399999999999998579e+00 1.068368924977371215e+01 3.418780559927588314e+01 1.088047425880314634e+45
7.499999999999998224e+00 1.067298298462267425e+01 3.415354555079255761e+01 1.086957079281303753e+45
7.599999999999997868e+00 1.064440253094309341e+01 3.406208809901789891e+01 1.084046391004104139e+45
7.699999999999997513e+00 1.060124606953039361e+01 3.392398742249726240e+01 1.079651254113428846e+45
7.799999999999997158e+00 1.054914306183113482e+01 3.375725779785962999e+01 1.074344983771561668e+45
7.899999999999996803e+00 1.048280269588788371e+01 3.354496862684123215e+01 1.067588753530398248e+45
7.999999999999996447e+00 1.031157744895864070e+01 3.299704783666765451e+01 1.050150845630650046e+45
