1.250000000000000000e+01 1.034054678392847535e+02 2.068109356785695070e+02 4.113676321582425826e+45
1.259999999999999964e+01 9.622314097110862008e+01 1.924462819422172402e+02 3.827948994112642813e+45
1.269999999999999929e+01 8.909242024765156032e+01 1.781848404953031206e+02 3.544274662292074112e+45
1.279999999999999893e+01 8.197557891871723257e+01 1.639511578374344651e+02 3.261152480544408906e+45
1.289999999999999858e+01 7.467599291929954575e+01 1.493519858385990915e+02 2.970760350315574191e+45
1.299999999999999822e+01 6.752431257517619656e+01 1.350486251503523931e+02 2.686252202865659252e+45
1.309999999999999787e+01 6.027585902635160409e+01 1.205517180527032082e+02 2.397894223786319235e+45
1.319999999999999751e+01 5.318242597635369862e+01 1.063648519527073972e+02 2.115703270191302737e+45
1.329999999999999716e+01 4.652745734753483475e+01 9.305491469506966951e+01 1.850955308199630612e+45
6.899999999999996803e+00 5.339852084107373287e+01 1.067970416821474657e+02 2.124299956099595126e+45
1.349999999999999645e+01 4.025493122840552473e+01 8.050986245681104947e+01 1.601421674128428452e+45
