8.500000000000000000e+00 2.886096796809352583e+01 4.329145195214029229e+01 6.458327030850168203e+44
8.599999999999999645e+00 2.816235410366131475e+01 4.224353115549197213e+01 6.301995586604180337e+44
8.699999999999999289e+00 2.729858572272255302e+01 4.094787858408383130e+01 6.108706896870085620e+44
8.799999999999998934e+00 2.630946318563596975e+01 3.946419477845395818e+01 5.887367237536706281e+44
8.899999999999998579e+00 2.518609353613300428e+01 3.777914030419950819e+01 5.635986598431242675e+44
8.999999999999998224e+00 2.517964881285340795e+01 3.776947321928011547e+01 5.634544438535254718e+44
9.099999999999997868e+00 2.395713130695832049e+01 3.593569696043748252e+01 5.360977111800463917e+44
9.199999999999997513e+00 2.261520695348315968e+01 3.392281043022474307e+01 5.060689667007001970e+44
9.299999999999997158e+00 2.121896420743747669e+01 3.182844631115621326e+01 4.748247191814061080e+44
9.399999999999996803e+00 1.976921072233426813e+01 2.965381608350140397e+01 4.423830417876947366e+44
9.499999999999996447e+00 1.825225345042299452e+01 2.737838017563449000e+01 4.084375200551592157e+44
