8.000000000000000000e+00 1.877738416857639550e+02 5.633215250572918649e+02 1.680754268237188741e+46
8.099999999999999645e+00 1.894876019717086706e+02 5.684628059151259549e+02 1.696094050868665613e+46
8.199999999999999289e+00 1.907484309145265229e+02 5.722452927435795118e+02 1.707379667694381099e+46
8.299999999999998934e+00 1.916039309199986178e+02 5.748117927599957966e+02 1.715037205468361664e+46
8.399999999999998579e+00 1.919359190088631806e+02 5.758077570265895702e+02 1.718008814252383784e+46
8.499999999999998224e+00 1.917839369129854390e+02 5.753518107389563738e+02 1.716648430111286896e+46
8.599999999999997868e+00 1.911483753609270764e+02 5.734451260827812575e+02 1.710959550436889937e+46
8.699999999999997513e+00 1.899649929311096059e+02 5.698949787933288462e+02 1.700367153476715373e+46
8.799999999999997158e+00 1.882642691975929665e+02 5.647928075927788996e+02 1.685144060374194699e+46
8.899999999999996803e+00 1.860847821854400763e+02 5.582543465563202290e+02 1.665635581102764718e+46
8.999999999999996447e+00 1.860786124480580099e+02 5.582358373441740014e+02 1.665580356091944851e+46
9.099999999999996092e+00 1.833772165174513589e+02 5.501316495523540198e+02 1.641400296186881206e+46
9.199999999999995737e+00 1.800449994383787953e+02 5.401349983151363858e+02 1.611573787722956771e+46
9.299999999999995381e+00 1.762016264820414335e+02 5.286048794461243006e+02 1.577171948559428459e+46
9.399999999999995026e+00 1.717552742952770473e+02 5.152658228858310849e+02 1.537372872453309935e+46
9.499999999999994671e+00 1.668855963468170671e+02 5.006567890404512013e+02 1.493784628620542125e+46
