8.500000000000000000e+00 2.574040783787200581e+01 1.287020391893600291e+01 6.400030653788900349e+43
8.599999999999999645e+00 2.468964481233854258e+01 1.234482240616927129e+01 6.138771562027823462e+43
8.699999999999999289e+00 2.287577647575036011e+01 1.143788823787518005e+01 5.687775873489379812e+43
8.799999999999998934e+00 2.027862598446450093e+01 1.013931299223225047e+01 5.042026868212291821e+43
8.899999999999998579e+00 1.716379534086514980e+01 8.581897670432574898e+00 4.267563164064358391e+43
8.999999999999998224e+00 1.715684146473139293e+01 8.578420732365696466e+00 4.265834169687151597e+43
9.099999999999997868e+00 1.372668312993990902e+01 6.863341564969954511e+00 3.412968176720433676e+43
9.199999999999997513e+00 1.048922644059884135e+01 5.244613220299420675e+00 2.608015039124394077e+43
9.299999999999997158e+00 7.577362271831268536e+00 3.788681135915634268e+00 1.884016411862446993e+43
9.399999999999996803e+00 5.150838389010447216e+00 2.575419194505223608e+00 1.280691579947584967e+43
9.499999999999996447e+00 3.403128480291985003e+00 1.701564240145992501e+00 8.461453575185983033e+42
