8.500000000000000000e+00 1.965374383008263237e+01 1.965374383008263237e+01 1.954663092620867925e+44
8.599999999999999645e+00 1.902392400083854085e+01 1.902392400083854085e+01 1.892024361503396904e+44
8.699999999999999289e+00 1.827665809263485386e+01 1.827665809263485386e+01 1.817705030602999387e+44
8.799999999999998934e+00 1.741049864037245953e+01 1.741049864037245953e+01 1.731561142278242895e+44
8.899999999999998579e+00 1.641668868680869053e+01 1.641668868680869053e+01 1.632721773346558194e+44
8.999999999999998224e+00 1.642901643316759674e+01 1.642901643316759674e+01 1.633947829360683273e+44
9.099999999999997868e+00 1.533553146553260760e+01 1.533553146553260760e+01 1.525195281904545358e+44
9.199999999999997513e+00 1.413703857336323466e+01 1.413703857336323466e+01 1.405999171313840402e+44
9.299999999999997158e+00 1.282229279725038928e+01 1.282229279725038928e+01 1.275241130150537398e+44
9.399999999999996803e+00 1.145033814203408795e+01 1.145033814203408795e+01 1.138793379916000052e+44
9.499999999999996447e+00 1.001228078914648201e+01 1.001228078914648201e+01 9.957713858845633797e+43
