1.250000000000000000e+01 6.091138703673583876e+01 1.522784675918395862e+02 3.786213748586601669e+45
1.259999999999999964e+01 6.623461438189008277e+01 1.655865359547252069e+02 4.117102233344298260e+45
1.269999999999999929e+01 7.797015538836201642e+01 1.949253884709050340e+02 4.846576127593465238e+45
1.279999999999999893e+01 9.755331268034994707e+01 2.438832817008748748e+02 6.063852945390127950e+45
1.289999999999999858e+01 1.183589766450170373e+02 2.958974416125425932e+02 7.357120013893854485e+45
1.299999999999999822e+01 1.454232116286046619e+02 3.635580290715116689e+02 9.039415945326796696e+45
1.309999999999999787e+01 1.657878371768547936e+02 4.144695929421369556e+02 1.030526834151505840e+46
1.319999999999999751e+01 1.894247433397527232e+02 4.735618583493817937e+02 1.177452365553444085e+46
1.329999999999999716e+01 2.108897757292787674e+02 5.272244393231969752e+02 1.310877665322213630e+46
1.339999999999999680e+01 2.358286417858801656e+02 5.895716044647003855e+02 1.465896098050919454e+46
1.349999999999999645e+01 2.544710394506669218e+02 6.361775986266673044e+02 1.581776076785379817e+46
