6.000000000000000000e+00 4.783600740976182486e+00 1.435080222292854657e+01 4.281777105244075585e+44
6.099999999999999645e+00 5.083018260355425255e+00 1.524905478106627577e+01 4.549784229752838491e+44
6.199999999999999289e+00 5.349015555428346502e+00 1.604704666628504128e+01 4.787877078586134925e+44
6.299999999999998934e+00 5.584784643399845372e+00 1.675435393019953523e+01 4.998912810383984144e+44
6.399999999999998579e+00 5.791868322886897680e+00 1.737560496866069215e+01 5.184272376474447485e+44
6.499999999999998224e+00 6.050147286408899205e+00 1.815044185922669584e+01 5.415456585328173492e+44
6.599999999999997868e+00 6.356499698839588319e+00 1.906949909651876496e+01 5.689671097932820797e+44
6.699999999999997513e+00 6.645847887886207062e+00 1.993754366365862296e+01 5.948665215207503547e+44
6.799999999999997158e+00 6.647242254763214397e+00 1.994172676428964408e+01 5.949913306027279192e+44
6.899999999999996803e+00 6.902590873487220335e+00 2.070777262046166101e+01 6.178474577904042607e+44
6.999999999999996447e+00 7.159449186409229782e+00 2.147834755922768935e+01 6.408387169508969274e+44
7.099999999999996092e+00 7.390629099549174796e+00 2.217188729864752617e+01 6.615315153860967739e+44
7.199999999999995737e+00 7.664424703493372348e+00 2.299327411048011527e+01 6.860388229973399222e+44
7.299999999999995381e+00 7.918775577733317306e+00 2.375632673319995192e+01 7.088056425751202587e+44
7.399999999999995026e+00 8.175160340169455253e+00 2.452548102050836576e+01 7.317545144683977762e+44
7.499999999999994671e+00 8.423525768906891642e+00 2.527057730672067493e+01 7.539855798119714600e+44
7.599999999999994316e+00 8.658461149514657507e+00 2.597538344854397252e+01 7.750145282624821734e+44
7.699999999999993960e+00 8.836249292991192661e+00 2.650874787897357976e+01 7.909282560909950825e+44
7.799999999999993605e+00 9.134319859950185361e+00 2.740295957985055608e+01 8.176084035042109428e+44
7.899999999999993250e+00 9.132561814132612810e+00 2.739768544239783665e+01 8.174510417021031033e+44
7.999999999999992895e+00 9.450060812514699649e+00 2.835018243754409895e+01 8.458702182977843171e+44
