6.000000000000000000e+00 1.478697338926487248e+01 5.175440686242705368e+01 1.801532087075938807e+45
6.099999999999999645e+00 1.605585883118942192e+01 5.619550590916297494e+01 1.956123414068531046e+45
6.199999999999999289e+00 1.739459611043802667e+01 6.088108638653309157e+01 2.119224956300426964e+45
6.299999999999998934e+00 1.879795600378659159e+01 6.579284601325306880e+01 2.290199625086829276e+45
6.399999999999998579e+00 2.017133111667065037e+01 7.059965890834727986e+01 2.457521176855387209e+45
6.499999999999998224e+00 2.155563189647310196e+01 7.544471163765585686e+01 2.626173828573072183e+45
6.599999999999997868e+00 2.291097833634736602e+01 8.018842417721577931e+01 2.791298904290748177e+45
6.699999999999997513e+00 2.435117154162667319e+01 8.522910039569335083e+01 2.966761062948788521e+45
6.799999999999997158e+00 2.436621378468703369e+01 8.528174824640461793e+01 2.968593695146159826e+45
6.899999999999996803e+00 2.574900751273218802e+01 9.012152629456265629e+01 3.137062739169004833e+45
6.999999999999996447e+00 2.699842670126522393e+01 9.449449345442828019e+01 3.289282446278557496e+45
7.099999999999996092e+00 2.833433683292394534e+01 9.917017891523380513e+01 3.452039550405102160e+45
7.199999999999995737e+00 2.958582098647119807e+01 1.035503734526491968e+02 3.604510837106628516e+45
7.299999999999995381e+00 3.065735739643591984e+01 1.073007508875257230e+02 3.735058662831604567e+45
7.399999999999995026e+00 3.156771591441357927e+01 1.104870057004475257e+02 3.845969803178302733e+45
7.499999999999994671e+00 3.219176360586724428e+01 1.126711726205353585e+02 3.921999015541370271e+45
7.599999999999994316e+00 3.247200249251134352e+01 1.136520087237897059e+02 3.956141184668576134e+45
7.699999999999993960e+00 3.277879280023480391e+01 1.147257748008218101e+02 3.993518176485506450e+45
7.799999999999993605e+00 3.280343321191664074e+01 1.148120162417082497e+02 3.996520176361682368e+45
7.899999999999993250e+00 3.280629055609185230e+01 1.148220169463214830e+02 3.996868293388740595e+45
7.999999999999992895e+00 3.230950995726044539e+01 1.130832848504115589e+02 3.936344333179188202e+45
