9.800000000000000711e+00 1.098072108101582600e+01 1.921626189177769461e+01 3.344518321281813259e+44
9.900000000000000355e+00 1.014746138804141040e+01 1.775805742907246909e+01 3.090723302814703643e+44
1.000000000000000000e+01 9.221555115270131608e+00 1.613772145172272943e+01 2.808709902216897022e+44
1.009999999999999964e+01 9.234707851669181622e+00 1.616073874042106695e+01 2.812715975000010064e+44
1.019999999999999929e+01 8.344469704564893675e+00 1.460282198298856393e+01 2.541566405556723362e+44
1.029999999999999893e+01 7.476881468014461518e+00 1.308454256902530766e+01 2.277315567104220832e+44
1.039999999999999858e+01 6.591573941267463432e+00 1.153525439721806123e+01 2.007667770631813534e+44
1.049999999999999822e+01 5.733600371815241736e+00 1.003380065067667282e+01 1.746345376497834787e+44
1.059999999999999787e+01 4.890850110245482441e+00 8.558987692929594715e+00 1.489659711750547327e+44
1.069999999999999751e+01 4.124126250698978424e+00 7.217220938723212242e+00 1.256130239806254739e+44
1.079999999999999716e+01 3.387360783546478959e+00 5.927881371206337846e+00 1.031725523103321101e+44
1.089999999999999680e+01 2.756640818468387266e+00 4.824121432319677716e+00 8.396202448398686229e+43
1.099999999999999645e+01 2.154220274420424630e+00 3.769885480235743103e+00 6.561344307644801318e+43
