1.350000000000000000e+01 9.105356076584371294e+01 3.642142430633748518e+02 1.448917101754717602e+46
1.359999999999999964e+01 8.803326310108320740e+01 3.521330524043328296e+02 1.400855709074916763e+46
1.369999999999999929e+01 8.489449010853965660e+01 3.395779604341586264e+02 1.350909042199169641e+46
1.379999999999999893e+01 8.157990031489330818e+01 3.263196012595732327e+02 1.298164637730834043e+46
1.389999999999999858e+01 7.801782409158528253e+01 3.120712963663411301e+02 1.241482031204578220e+46
1.399999999999999822e+01 7.437414512204125572e+01 2.974965804881650229e+02 1.183500896498017899e+46
1.409999999999999787e+01 7.051791731391047335e+01 2.820716692556418934e+02 1.122137514632794437e+46
1.419999999999999751e+01 6.648414684330955993e+01 2.659365873732382397e+02 1.057948931888216335e+46
1.429999999999999716e+01 6.244502271285151096e+01 2.497800908514060438e+02 9.936751574250634964e+45
1.439999999999999680e+01 5.827137201072824269e+01 2.330854880429129707e+02 9.272606885323162784e+45
1.449999999999999645e+01 5.826314189135670318e+01 2.330525675654268127e+02 9.271297242887809046e+45
1.459999999999999609e+01 5.399344688017264104e+01 2.159737875206905642e+02 8.591869215148110899e+45
1.469999999999999574e+01 4.961429159707151371e+01 1.984571663882860548e+02 7.895022993258794736e+45
1.479999999999999538e+01 4.521377679654012383e+01 1.808551071861604953e+02 7.194777874079836866e+45
1.489999999999999503e+01 4.096029938442752893e+01 1.638411975377101157e+02 6.517930520445183436e+45
1.499999999999999467e+01 3.675139573648839075e+01 1.470055829459535630e+02 5.848176100755923557e+45
