5.000000000000000000e+00 2.029000569649691386e+02 1.014500284824845721e+03 5.044856291362751717e+46
5.099999999999999645e+00 2.143673273806581108e+02 1.071836636903290582e+03 5.329975636160837837e+46
5.199999999999999289e+00 2.257494682102235402e+02 1.128747341051117701e+03 5.612978340211944872e+46
5.299999999999998934e+00 2.372358469346190475e+02 1.186179234673095152e+03 5.898572789220633742e+46
5.399999999999998579e+00 2.486779841416792181e+02 1.243389920708396176e+03 6.183067228202676806e+46
5.499999999999998224e+00 2.600249527873623379e+02 1.300124763936811632e+03 6.465195419866779541e+46
5.599999999999997868e+00 2.712901584600392653e+02 1.356450792300196326e+03 6.745290677410800488e+46
5.699999999999997513e+00 2.713577568872491952e+02 1.356788784436246033e+03 6.746971427805341252e+46
5.799999999999997158e+00 2.824775999513835814e+02 1.412387999756917907e+03 7.023452425791213597e+46
5.899999999999996803e+00 2.934494315209316255e+02 1.467247157604658241e+03 7.296253302978562849e+46
5.999999999999996447e+00 3.041662649018462048e+02 1.520831324509231081e+03 7.562713968953277678e+46
6.099999999999996092e+00 3.144704460303445330e+02 1.572352230151722779e+03 7.818914552486978143e+46
6.199999999999995737e+00 3.243175510066674860e+02 1.621587755033337544e+03 8.063750508842028040e+46
6.299999999999995381e+00 3.337974136372113207e+02 1.668987068186056604e+03 8.299455443322211498e+46
6.399999999999995026e+00 3.427611428443764225e+02 1.713805714221882226e+03 8.522327365396864537e+46
6.499999999999994671e+00 3.511735237839680508e+02 1.755867618919840197e+03 8.731490701983635348e+46
6.599999999999994316e+00 3.589337198264444169e+02 1.794668599132221971e+03 8.924438276334756612e+46
6.699999999999993960e+00 3.662006061492696176e+02 1.831003030746348031e+03 9.105120321143900672e+46
6.799999999999993605e+00 3.661742949511947813e+02 1.830871474755973850e+03 9.104466126092767526e+46
6.899999999999993250e+00 3.729328284326173275e+02 1.864664142163086581e+03 9.272508612941488501e+46
6.999999999999992895e+00 3.789013286071921129e+02 1.894506643035960678e+03 9.420907909157073178e+46
