1.250000000000000000e+01 3.620782435298185931e+01 7.241564870596371861e+01 1.440419668410324186e+45
1.259999999999999964e+01 3.452093530856511450e+01 6.904187061713022899e+01 1.373311848445337292e+45
1.269999999999999929e+01 3.284094460947889615e+01 6.568188921895779231e+01 1.306478458454289337e+45
1.279999999999999893e+01 3.110115873428596700e+01 6.220231746857193400e+01 1.237266296767364257e+45
1.289999999999999858e+01 2.932083243802822636e+01 5.864166487605645273e+01 1.166441356049638833e+45
1.299999999999999822e+01 2.755828640006066621e+01 5.511657280012133242e+01 1.096323749567213321e+45
1.309999999999999787e+01 2.579868412701006264e+01 5.159736825402012528e+01 1.026323251940714213e+45
1.319999999999999751e+01 2.414014938323055759e+01 4.828029876646111518e+01 9.603434227636780166e+44
1.329999999999999716e+01 2.238959311334208735e+01 4.477918622668417470e+01 8.907027932349748877e+44
6.899999999999996803e+00 2.142695578315401406e+01 4.285391156630802811e+01 8.524071549654329818e+44
1.349999999999999645e+01 2.062183110278410680e+01 4.124366220556821361e+01 8.203776849309573108e+44
