7.000000000000000000e+00 7.775918824704389465e+01 1.399665388446790075e+02 2.505666981743559109e+45
7.099999999999999645e+00 7.686837369058173408e+01 1.383630726430471327e+02 2.476961890148565140e+45
7.199999999999999289e+00 7.529813498033738028e+01 1.355366429646072959e+02 2.426363428688102864e+45
7.299999999999998934e+00 7.307982596426052169e+01 1.315436867356689561e+02 2.354881925573271747e+45
7.399999999999998579e+00 7.040842673637442317e+01 1.267351681254739617e+02 2.268800306265422164e+45
7.499999999999998224e+00 6.735584878591083680e+01 1.212405278146395062e+02 2.170435804884894840e+45
7.599999999999997868e+00 6.395315458868847713e+01 1.151156782596392674e+02 2.060789360636236274e+45
7.699999999999997513e+00 6.055379397530175822e+01 1.089968291555431676e+02 1.951250335859618231e+45
7.799999999999997158e+00 5.701919617810281693e+01 1.026345531205850676e+02 1.837353506509401913e+45
7.899999999999996803e+00 5.707614934063884959e+01 1.027370688131499321e+02 1.839188732186128653e+45
7.999999999999996447e+00 5.372841154870757663e+01 9.671114078767364219e+01 1.731313171266854833e+45
