9.800000000000000711e+00 3.789580185752021180e+01 6.631765325066037065e+01 1.154233885707774662e+45
9.900000000000000355e+00 3.421841266234304157e+01 5.988222215910032276e+01 1.042227620845831360e+45
1.000000000000000000e+01 3.050593086288949962e+01 5.338537901005662434e+01 9.291525021529067320e+44
1.009999999999999964e+01 3.048467368872825034e+01 5.334817895527443454e+01 9.285050491494432694e+44
1.019999999999999929e+01 2.682471916145280133e+01 4.694325853254240144e+01 8.170298110369506667e+44
1.029999999999999893e+01 2.318723466703374214e+01 4.057766066730904697e+01 7.062389672917636865e+44
1.039999999999999858e+01 1.962788931814257865e+01 3.434880630674950908e+01 5.978280929666101863e+44
1.049999999999999822e+01 1.635232031702654965e+01 2.861656055479646099e+01 4.980605052460243274e+44
1.059999999999999787e+01 1.320266013965350105e+01 2.310465524439362639e+01 4.021278602829543607e+44
1.069999999999999751e+01 1.043089584450607354e+01 1.825406772788563003e+01 3.177052035284513648e+44
1.079999999999999716e+01 7.956533527036653730e+00 1.392393367231414381e+01 2.423408440915005162e+44
1.089999999999999680e+01 5.871519497884815308e+00 1.027515912129842590e+01 1.788352913215286374e+44
1.099999999999999645e+01 4.239123229783687385e+00 7.418465652121453147e+00 1.291156127505543345e+44
