6.000000000000000000e+00 6.733616845280000973e+01 1.010042526792000217e+02 1.506806692531475726e+45
6.099999999999999645e+00 7.119019755406934280e+01 1.067852963311040071e+02 1.593049746991492371e+45
6.199999999999999289e+00 7.476655738023632125e+01 1.121498360703544819e+02 1.673079291956565809e+45
6.299999999999998934e+00 7.897138840573580865e+01 1.184570826086037130e+02 1.767172372625802192e+45
6.399999999999998579e+00 8.363284342799963156e+01 1.254492651419994473e+02 1.871483499704633040e+45
6.499999999999998224e+00 9.023013795336865428e+01 1.353452069300529956e+02 2.019113633284262643e+45
6.599999999999997868e+00 9.569917283162135391e+01 1.435487592474320309e+02 2.141496277643002592e+45
6.699999999999997513e+00 1.022357272989839032e+02 1.533535909484758690e+02 2.287767208167099736e+45
6.799999999999997158e+00 1.023537810507407357e+02 1.535306715761111036e+02 2.290408941240319274e+45
6.899999999999996803e+00 1.064295405845344362e+02 1.596443108768016543e+02 2.381613740737845916e+45
6.999999999999996447e+00 1.113637505259680438e+02 1.670456257889520657e+02 2.492028406926033814e+45
7.099999999999996092e+00 1.144486514155725700e+02 1.716729771233588622e+02 2.561060390970547804e+45
7.199999999999995737e+00 1.120436125375589711e+02 1.680654188063384709e+02 2.507241934107658287e+45
7.299999999999995381e+00 1.076822357286962557e+02 1.615233535930443907e+02 2.409645769739434087e+45
7.399999999999995026e+00 1.009323215717375604e+02 1.513984823576063263e+02 2.258600409431360584e+45
7.499999999999994671e+00 8.513709094273951905e+01 1.277056364141092786e+02 1.905144610434785458e+45
7.599999999999994316e+00 6.824201570041303455e+01 1.023630235506195447e+02 1.527077176084030196e+45
7.699999999999993960e+00 5.178474248550650572e+01 7.767711372825975502e+01 1.158806601876611011e+45
7.799999999999993605e+00 3.712411603392231996e+01 5.568617405088347994e+01 8.307402660345922694e+44
7.899999999999993250e+00 3.713700825801068817e+01 5.570551238701602870e+01 8.310287601676018326e+44
7.999999999999992895e+00 2.458429354936149025e+01 3.687644032404223537e+01 5.501319558641430021e+44
