8.000000000000000000e+00 4.932235625177173688e+01 1.479670687553152106e+02 4.414819446917961771e+45
8.099999999999999645e+00 5.616382644881203845e+01 1.684914793464361082e+02 5.027196023519940224e+45
8.199999999999999289e+00 6.380929820044972445e+01 1.914278946013491804e+02 5.711538377273153867e+45
8.299999999999998934e+00 7.180012442570708231e+01 2.154003732771212469e+02 6.426793237282827222e+45
8.399999999999998579e+00 8.069825017145045365e+01 2.420947505143513467e+02 7.223260023721443340e+45
8.499999999999998224e+00 8.956155976265634422e+01 2.686846792879690611e+02 8.016610433575487500e+45
8.599999999999997868e+00 9.896627479342390643e+01 2.968988243802717193e+02 8.858421773621977389e+45
8.699999999999997513e+00 1.077262627372446673e+02 3.231787882117340018e+02 9.642523914479401639e+45
8.799999999999997158e+00 1.167253093741284857e+02 3.501759281223854714e+02 1.044802407942355229e+46
8.899999999999996803e+00 1.250697640613677208e+02 3.752092921841031625e+02 1.119493204625099384e+46
8.999999999999996447e+00 1.252874309863276210e+02 3.758622929589828345e+02 1.121441530387069039e+46
9.099999999999996092e+00 1.325418239731417032e+02 3.976254719194250811e+02 1.186375239292392448e+46
9.199999999999995737e+00 1.394522500551777853e+02 4.183567501655333558e+02 1.248230117631393342e+46
9.299999999999995381e+00 1.452746076592344195e+02 4.358238229777032302e+02 1.300345749427424139e+46
9.399999999999995026e+00 1.507432645069373507e+02 4.522297935208120521e+02 1.349295423438370776e+46
9.499999999999994671e+00 1.549888807638454864e+02 4.649666422915364592e+02 1.387297722273142470e+46
9.599999999999994316e+00 1.577825585375169908e+02 4.733476756125509723e+02 1.412303792341387471e+46
9.699999999999993960e+00 1.593761407199168616e+02 4.781284221597505848e+02 1.426567866776939669e+46
