8.500000000000000000e+00 9.875112977847454232e+00 4.937556488923727116e+00 2.455323403029546240e+43
8.599999999999999645e+00 9.735503221668583507e+00 4.867751610834291753e+00 2.420611182277622020e+43
8.699999999999999289e+00 9.396742015299366813e+00 4.698371007649683406e+00 2.336382442828996369e+43
8.799999999999998934e+00 8.846383771599311885e+00 4.423191885799655942e+00 2.199542745011023661e+43
8.899999999999998579e+00 8.142785250360798699e+00 4.071392625180399349e+00 2.024601767686582903e+43
8.999999999999998224e+00 7.322544271620541778e+00 3.661272135810270889e+00 1.820659101335052228e+43
9.099999999999997868e+00 6.445966659976870794e+00 3.222983329988435397e+00 1.602709035419999191e+43
9.199999999999997513e+00 5.542145654244880149e+00 2.771072827122440074e+00 1.377985240107311275e+43
9.299999999999997158e+00 4.663491603036375110e+00 2.331745801518187555e+00 1.159518893449956515e+43
9.399999999999996803e+00 3.844646512013225603e+00 1.922323256006612802e+00 9.559232971306883426e+42
9.499999999999996447e+00 3.100737605124002982e+00 1.550368802562001491e+00 7.709596462940192358e+42
