1.019999999999999929e+01 3.660053078342954791e+00 8.784127388023090788e+00 2.096700934502007475e+44
1.029999999999999893e+01 3.526946079083849828e+00 8.464670589801238876e+00 2.020449152420837356e+44
1.039999999999999858e+01 3.393223348041805476e+00 8.143736035300332077e+00 1.943844641737907060e+44
1.049999999999999822e+01 3.258005971041420423e+00 7.819214330499408838e+00 1.866383906975564895e+44
1.059999999999999787e+01 3.117414179052593770e+00 7.481794029726224871e+00 1.785844380543411670e+44
1.069999999999999751e+01 2.979643195891217289e+00 7.151143670138921493e+00 1.706920784912799218e+44
1.079999999999999716e+01 2.841618468340532111e+00 6.819884324017277066e+00 1.627851829068331678e+44
1.089999999999999680e+01 2.700845248047198055e+00 6.482028595313274799e+00 1.547208369472516234e+44
1.099999999999999645e+01 2.556678219046434108e+00 6.136027725711441505e+00 1.464620729905515191e+44
1.109999999999999609e+01 2.413120936196519573e+00 5.791490246871647152e+00 1.382382390006286957e+44
1.119999999999999574e+01 2.414987264482785889e+00 5.795969434758686312e+00 1.383451536321420160e+44
