1.050000000000000000e+01 1.466736329660674016e+02 5.866945318642696066e+02 2.333988186662437096e+46
1.059999999999999964e+01 1.470601456519345902e+02 5.882405826077383608e+02 2.340138685730104630e+46
1.069999999999999929e+01 1.480348879842179315e+02 5.921395519368717260e+02 2.355649565515263095e+46
1.079999999999999893e+01 1.493756433942814397e+02 5.975025735771257587e+02 2.376984738204521254e+46
1.089999999999999858e+01 1.502196751784208573e+02 6.008787007136834291e+02 2.390415647179175044e+46
1.099999999999999822e+01 1.514712875861692112e+02 6.058851503446768447e+02 2.410332305101193100e+46
1.109999999999999787e+01 1.512799944932055496e+02 6.051199779728221984e+02 2.407288296371481190e+46
1.119999999999999751e+01 1.514515587727887009e+02 6.058062350911548037e+02 2.410018364439631966e+46
1.129999999999999716e+01 1.513432077395864326e+02 6.053728309583457303e+02 2.408294196118490815e+46
1.139999999999999680e+01 1.510511275849754043e+02 6.042045103399016170e+02 2.403646383034196597e+46
1.149999999999999645e+01 1.506656788171878816e+02 6.026627152687515263e+02 2.397512813882146897e+46
