7.000000000000000000e+00 1.275071888857320168e+01 3.825215666571960327e+01 1.141310472356742868e+45
7.099999999999999645e+00 1.295728032975703492e+01 3.887184098927110654e+01 1.159799683676387256e+45
7.199999999999999289e+00 1.312132641787461651e+01 3.936397925362385308e+01 1.174483367000747820e+45
7.299999999999998934e+00 1.325215074693299400e+01 3.975645224079897844e+01 1.186193387282598804e+45
7.399999999999998579e+00 1.331450615670556203e+01 3.994351847011668610e+01 1.191774788833636428e+45
7.499999999999998224e+00 1.347815642392194491e+01 4.043446927176583472e+01 1.206423042427041229e+45
7.599999999999997868e+00 1.361571109358869336e+01 4.084713328076608008e+01 1.218735492131576978e+45
7.699999999999997513e+00 1.376798670309818995e+01 4.130396010929457162e+01 1.232365605800967254e+45
7.799999999999997158e+00 1.392685606053182923e+01 4.178056818159548413e+01 1.246585922550173683e+45
7.899999999999996803e+00 1.388312193056456856e+01 4.164936579169370390e+01 1.242671302443869172e+45
7.999999999999996447e+00 1.404533176034083297e+01 4.213599528102250247e+01 1.257190623202227623e+45
