8.000000000000000000e+00 1.165603945183359436e+01 2.331207890366718871e+01 4.637005614728440488e+44
8.099999999999999645e+00 1.358214792756809075e+01 2.716429585513618150e+01 5.403250088545137521e+44
8.199999999999999289e+00 1.601747906565522683e+01 3.203495813131045367e+01 6.372073521898961581e+44
8.299999999999998934e+00 1.903568657947736398e+01 3.807137315895472796e+01 7.572776835047684255e+44
8.399999999999998579e+00 2.272568230974244941e+01 4.545136461948489881e+01 9.040730936461739707e+44
8.499999999999998224e+00 2.720714621478248318e+01 5.441429242956496637e+01 1.082354690716476608e+45
8.599999999999997868e+00 3.234751677469230202e+01 6.469503354938460404e+01 1.286848912330809065e+45
8.699999999999997513e+00 3.810111721189014133e+01 7.620223442378028267e+01 1.515738644923413483e+45
8.799999999999997158e+00 4.457391298148577619e+01 8.914782596297155237e+01 1.773239406229466914e+45
8.899999999999996803e+00 5.150276358166479440e+01 1.030055271633295888e+02 2.048882940805788737e+45
8.999999999999996447e+00 5.145971767981144751e+01 1.029194353596228950e+02 2.047170488738258812e+45
9.099999999999996092e+00 5.851173823462538337e+01 1.170234764692507667e+02 2.327713970449866866e+45
9.199999999999995737e+00 6.560620644019221004e+01 1.312124128803844201e+02 2.609946104603726178e+45
9.299999999999995381e+00 7.270038971931930405e+01 1.454007794386386081e+02 2.892166903813960043e+45
9.399999999999995026e+00 7.919591691922894938e+01 1.583918338384578988e+02 3.150571966880765756e+45
9.499999999999994671e+00 8.439803612456110216e+01 1.687960722491222043e+02 3.357522673107289240e+45
9.599999999999994316e+00 8.927558766643514332e+01 1.785511753328702866e+02 3.551561428546122458e+45
9.699999999999993960e+00 9.223115466145594610e+01 1.844623093229118922e+02 3.669139794742039840e+45
