7.000000000000000000e+00 1.132093214321941446e+02 2.830233035804853898e+02 7.037020664399291480e+45
7.099999999999999645e+00 1.136982307271539696e+02 2.842455768178849098e+02 7.067410960605685921e+45
7.199999999999999289e+00 1.137853138500224475e+02 2.844632846250561329e+02 7.072823993096238430e+45
7.299999999999998934e+00 1.135323070747170675e+02 2.838307676867926830e+02 7.057097250072490531e+45
7.399999999999998579e+00 1.127238456661381463e+02 2.818096141653453515e+02 7.006843794203605264e+45
7.499999999999998224e+00 1.115800238647212552e+02 2.789500596618031523e+02 6.935744545916158155e+45
7.599999999999997868e+00 1.098494491053133402e+02 2.746236227632833788e+02 6.828173100480586163e+45
7.699999999999997513e+00 1.075725569893863565e+02 2.689313924734659054e+02 6.686642909612137489e+45
7.799999999999997158e+00 1.047354953854843700e+02 2.618387384637109108e+02 6.510292933477091763e+45
7.899999999999996803e+00 1.047076346821626771e+02 2.617690867054067212e+02 6.508561129571555018e+45
7.999999999999996447e+00 1.013137511935585451e+02 2.532843779838963769e+02 6.297599453097102302e+45
