6.000000000000000000e+00 3.616337335631127470e+00 1.265718067470894681e+01 4.405869664011123471e+44
6.099999999999999645e+00 3.772703074441043025e+00 1.320446076054365037e+01 4.596373757289540337e+44
6.199999999999999289e+00 3.930873717055708649e+00 1.375805800969498094e+01 4.789076807739748953e+44
6.299999999999998934e+00 4.075422995703018358e+00 1.426398048496056425e+01 4.965184626961134652e+44
6.399999999999998579e+00 4.221998612726522992e+00 1.477699514454283047e+01 5.143761182351774112e+44
6.499999999999998224e+00 4.380441696512714422e+00 1.533154593779450003e+01 5.336796154351731116e+44
6.599999999999997868e+00 4.529994077600313140e+00 1.585497927160109555e+01 5.518999372099803653e+44
6.699999999999997513e+00 4.689096993818720804e+00 1.641183947836552193e+01 5.712838233622949737e+44
6.799999999999997158e+00 4.686575413284059799e+00 1.640301394649420885e+01 5.709766132170034499e+44
6.899999999999996803e+00 4.852080857814666359e+00 1.698228300235133048e+01 5.911405345995980282e+44
6.999999999999996447e+00 5.033456037265734651e+00 1.761709613043007039e+01 6.132379034781728996e+44
7.099999999999996092e+00 5.219296871221207113e+00 1.826753904927422667e+01 6.358793336509487822e+44
7.199999999999995737e+00 5.413206287892360358e+00 1.894622200762326258e+01 6.595037784188599342e+44
7.299999999999995381e+00 5.602734299651350725e+00 1.960957004877972665e+01 6.825944262204856932e+44
7.399999999999995026e+00 5.796480420589613658e+00 2.028768147206364603e+01 7.061989762814314702e+44
7.499999999999994671e+00 5.988645698573354714e+00 2.096025994500674017e+01 7.296109284907258098e+44
7.599999999999994316e+00 6.191000328403891473e+00 2.166850114941362193e+01 7.542642736352260556e+44
7.699999999999993960e+00 6.384695292812007317e+00 2.234643352484202694e+01 7.778625911746072451e+44
7.799999999999993605e+00 6.583175210888707163e+00 2.304111323811047640e+01 8.020438709836970068e+44
7.899999999999993250e+00 6.586918605051478082e+00 2.305421511768017240e+01 8.024999375851084482e+44
7.999999999999992895e+00 6.779988447389383666e+00 2.372995956586284194e+01 8.260220950180111163e+44
