6.000000000000000000e+00 1.124970263989460051e+02 3.374910791968380295e+02 1.006955258445645624e+46
6.099999999999999645e+00 1.198269275111445609e+02 3.594807825334336826e+02 1.072564836805879243e+46
6.199999999999999289e+00 1.273215779197435609e+02 3.819647337592306826e+02 1.139649077880728415e+46
6.299999999999998934e+00 1.348523992374101681e+02 4.045571977122305043e+02 1.207057082954096622e+46
6.399999999999998579e+00 1.420895750442967937e+02 4.262687251328903812e+02 1.271836681742748398e+46
6.499999999999998224e+00 1.493343611152785115e+02 4.480030833458355346e+02 1.336684399624802255e+46
6.599999999999997868e+00 1.561966514656828338e+02 4.685899543970484729e+02 1.398108417436753739e+46
6.699999999999997513e+00 1.629145156711696245e+02 4.887435470135088735e+02 1.458239684046855655e+46
6.799999999999997158e+00 1.628731488323425651e+02 4.886194464970276954e+02 1.457869411540856685e+46
6.899999999999996803e+00 1.692066548924095741e+02 5.076199646772287224e+02 1.514560307609213176e+46
6.999999999999996447e+00 1.750912568431169518e+02 5.252737705293508270e+02 1.567233085439897654e+46
7.099999999999996092e+00 1.804478369080101459e+02 5.413435107240304660e+02 1.615179565771753448e+46
7.199999999999995737e+00 1.854722864104504083e+02 5.564168592313512818e+02 1.660153162045620897e+46
7.299999999999995381e+00 1.899004218636438281e+02 5.697012655909314844e+02 1.699789181080382383e+46
7.399999999999995026e+00 1.938867799109750081e+02 5.816603397329249674e+02 1.735470872644141554e+46
7.499999999999994671e+00 1.972200750219544432e+02 5.916602250658633011e+02 1.765307030517762959e+46
7.599999999999994316e+00 2.001090483945990286e+02 6.003271451837970289e+02 1.791166086727636160e+46
7.699999999999993960e+00 2.023318359573128191e+02 6.069955078719384574e+02 1.811062147062108858e+46
7.799999999999993605e+00 2.043577657225693827e+02 6.130732971677081196e+02 1.829196143094432418e+46
7.899999999999993250e+00 2.042277529768601028e+02 6.126832589305803367e+02 1.828032405508225633e+46
7.999999999999992895e+00 2.057329353299716956e+02 6.171988059899150585e+02 1.841505217491809925e+46
