1.300000000000000000e+01 3.321435296524987280e+01 6.310727063397475689e+01 1.192503384171372137e+45
1.309999999999999964e+01 3.095564126033042385e+01 5.881571839462780105e+01 1.111408281858164399e+45
1.319999999999999929e+01 2.878780359085476448e+01 5.469682682262404683e+01 1.033575853212374189e+45
1.329999999999999893e+01 2.665268360112819579e+01 5.064009884214357271e+01 9.569180957656238257e+44
1.339999999999999858e+01 2.663925468292980270e+01 5.061458389756662513e+01 9.564359538911726625e+44
1.349999999999999822e+01 2.454863612960216912e+01 4.664240864624412097e+01 8.813759428633196579e+44
1.359999999999999787e+01 2.242652408734004155e+01 4.261039576594608036e+01 8.051852130714117305e+44
1.369999999999999751e+01 2.031741738870931613e+01 3.860309303854769780e+01 7.294614174482645837e+44
1.379999999999999716e+01 1.816879758755491636e+01 3.452071541635434215e+01 6.523189728293689888e+44
1.389999999999999680e+01 1.606051005898089556e+01 3.051496911206369944e+01 5.766245880776560619e+44
1.399999999999999645e+01 1.396739566340315974e+01 2.653805176046600067e+01 5.014749681890577394e+44
