1.100000000000000000e+01 5.402370812935210154e+00 5.402370812935210154e+00 5.372927892004712368e+43
1.109999999999999964e+01 6.038734146404623360e+00 6.038734146404623360e+00 6.005823045306717665e+43
1.119999999999999929e+01 6.023039353012066499e+00 6.023039353012066499e+00 5.990213788538149754e+43
1.129999999999999893e+01 6.712230614072479895e+00 6.712230614072479895e+00 6.675648957225784575e+43
1.139999999999999858e+01 7.419990415203152168e+00 7.419990415203152168e+00 7.379551467440294664e+43
1.149999999999999822e+01 8.134191166032568532e+00 8.134191166032568532e+00 8.089859824177690829e+43
1.159999999999999787e+01 8.883912476428362126e+00 8.883912476428362126e+00 8.835495153431827141e+43
1.169999999999999751e+01 9.615759854028548048e+00 9.615759854028548048e+00 9.563353962824092465e+43
1.179999999999999716e+01 1.028382927568719474e+01 1.028382927568719474e+01 1.022778240613469823e+44
1.189999999999999680e+01 1.095855946530326719e+01 1.095855946530326719e+01 1.089883531621736437e+44
1.199999999999999645e+01 1.153652102764771925e+01 1.153652102764771925e+01 1.147364698804703782e+44
