1.250000000000000000e+01 6.035435007888598591e+01 9.053152511832897176e+01 1.350571924596511137e+45
1.259999999999999964e+01 5.409594977860555076e+01 8.114392466790832259e+01 1.210525354177023269e+45
1.269999999999999929e+01 4.785623862498370329e+01 7.178435793747556204e+01 1.070896997800744570e+45
1.279999999999999893e+01 4.199990511491004241e+01 6.299985767236506717e+01 9.398476267207600486e+44
1.289999999999999858e+01 3.626537581149757727e+01 5.439806371724636591e+01 8.115239140498105425e+44
1.299999999999999822e+01 3.099047381900973974e+01 4.648571072851461139e+01 6.934854540756630160e+44
1.309999999999999787e+01 2.620879635026900445e+01 3.931319452540350312e+01 5.864840642286008084e+44
1.319999999999999751e+01 2.186809257204922829e+01 3.280213885807384600e+01 4.893505080194600476e+44
1.329999999999999716e+01 1.808469556699122549e+01 2.712704335048683646e+01 4.046880144634002160e+44
1.339999999999999680e+01 1.808065809018791015e+01 2.712098713528186522e+01 4.045976663309186482e+44
1.349999999999999645e+01 1.477478285316141537e+01 2.216217427974212484e+01 3.306208564487628765e+44
