1.019999999999999929e+01 2.097666759031860551e+01 5.038595555194529396e+01 1.203674677302376344e+45
1.029999999999999893e+01 1.955890803748405204e+01 4.698049710603669382e+01 1.122321370591347441e+45
1.039999999999999858e+01 1.824994555625560366e+01 4.383636922612596010e+01 1.047211013552522771e+45
1.049999999999999822e+01 1.697458523045164469e+01 4.077295372354485181e+01 9.740288018405518347e+44
1.059999999999999787e+01 1.573776186667076615e+01 3.780210400374318169e+01 9.030579025368851846e+44
1.069999999999999751e+01 1.456712635370378095e+01 3.499023750159648216e+01 8.358849677872510099e+44
1.079999999999999716e+01 1.338588509148477712e+01 3.215289598974643326e+01 7.681034582125876398e+44
1.089999999999999680e+01 1.225077475507277924e+01 2.942636096168481785e+01 7.029690148125361516e+44
1.099999999999999645e+01 1.112955068931187519e+01 2.673318075572712615e+01 6.386313877930141708e+44
1.109999999999999609e+01 1.008784883663257581e+01 2.423101290559144871e+01 5.788568723238486163e+44
1.119999999999999574e+01 1.008823498179310540e+01 2.423194042626704103e+01 5.788790299496721326e+44
