1.350000000000000000e+01 2.184254630034499201e+01 4.368509260068998401e+01 8.689401769203243919e+44
1.359999999999999964e+01 1.901346621426772288e+01 3.802693242853544575e+01 7.563937129359984380e+44
1.369999999999999929e+01 1.637472394142032073e+01 3.274944788284064146e+01 6.514192678375831212e+44
1.379999999999999893e+01 1.406278185946208481e+01 2.812556371892416962e+01 5.594455879331206153e+44
1.389999999999999858e+01 1.196918439724827365e+01 2.393836879449654731e+01 4.761580936913307962e+44
1.399999999999999822e+01 1.022572936051585302e+01 2.045145872103170603e+01 4.067999654200415949e+44
1.409999999999999787e+01 8.668251507212595186e+00 1.733650301442519037e+01 3.448403814599314387e+44
1.419999999999999751e+01 7.369172313350621728e+00 1.473834462670124346e+01 2.931604129697144142e+44
1.429999999999999716e+01 6.176542921438819889e+00 1.235308584287763978e+01 2.457152305006790957e+44
1.439999999999999680e+01 5.159100118762030007e+00 1.031820023752406001e+01 2.052393209245910639e+44
1.449999999999999645e+01 5.220038687988544091e+00 1.044007737597708818e+01 2.076635790855602309e+44
1.459999999999999609e+01 4.270288664195650341e+00 8.540577328391300682e+00 1.698806236390313422e+44
1.469999999999999574e+01 3.557105431379992577e+00 7.114210862759985154e+00 1.415087682711588518e+44
1.479999999999999538e+01 2.917325254499083087e+00 5.834650508998166174e+00 1.160570332744825083e+44
1.489999999999999503e+01 2.363268131574780107e+00 4.726536263149560213e+00 9.401553281030789085e+43
1.499999999999999467e+01 1.717161762581483675e+00 3.434323525162967350e+00 6.831212923901657945e+43
