6.000000000000000000e+00 2.797656187070281852e+00 4.196484280605423223e+00 6.260420161914184494e+43
6.099999999999999645e+00 3.327177128986736676e+00 4.990765693480105014e+00 7.445349030675956666e+43
6.199999999999999289e+00 3.965237807370603829e+00 5.947856711055905521e+00 8.873161337970975456e+43
6.299999999999998934e+00 4.706463372401938017e+00 7.059695058602907025e+00 1.053182958080028113e+44
6.399999999999998579e+00 5.566202870805703640e+00 8.349304306208555460e+00 1.245570089660957790e+44
6.499999999999998224e+00 6.523353706029577204e+00 9.785030559044365361e+00 1.459755321374635823e+44
6.599999999999997868e+00 7.592527236145798497e+00 1.138879085421869775e+01 1.699008291609480830e+44
6.699999999999997513e+00 8.762477192315435204e+00 1.314371578847315192e+01 1.960812380613895824e+44
6.799999999999997158e+00 1.003565824037255361e+01 1.505348736055882952e+01 2.245716878166567506e+44
6.899999999999996803e+00 1.141573122120692929e+01 1.712359683181039571e+01 2.554540984361553936e+44
6.999999999999996447e+00 1.286535857198257204e+01 1.929803785797385984e+01 2.878929532747184798e+44
