1.300000000000000000e+01 6.179692450666282255e+00 5.561723205599653497e+00 4.978270632716220478e+43
1.309999999999999964e+01 5.908165940868459920e+00 5.317349346781613306e+00 4.759532813557487438e+43
1.319999999999999929e+01 5.600360386328585349e+00 5.040324347695726459e+00 4.511569122000704762e+43
1.329999999999999893e+01 5.276195456388259153e+00 4.748575910749432971e+00 4.250426554832262884e+43
1.339999999999999858e+01 4.932635663922086522e+00 4.439372097529877159e+00 3.973659767638505096e+43
1.349999999999999822e+01 4.596750979689322669e+00 4.137075881720390313e+00 3.703075936348512169e+43
1.359999999999999787e+01 4.271874598109787868e+00 3.844687138298808815e+00 3.441360234055571375e+43
1.369999999999999751e+01 4.527558349597003762e+00 4.074802514637302586e+00 3.647335356839275780e+43
1.379999999999999716e+01 4.535808506830128373e+00 4.082227656147114914e+00 3.653981563879001307e+43
1.389999999999999680e+01 4.574236801112633088e+00 4.116813121001369424e+00 3.684938840542719907e+43
1.399999999999999645e+01 4.653742279527659065e+00 4.188368051574892448e+00 3.748987301124427872e+43
