6.000000000000000000e+00 1.133790258331596732e+02 3.401370774994790054e+02 1.014849991281320464e+46
6.099999999999999645e+00 1.207413937478259527e+02 3.622241812434778581e+02 1.080750178367102565e+46
6.199999999999999289e+00 1.281365276712010655e+02 3.844095830136031964e+02 1.146943652358537039e+46
6.299999999999998934e+00 1.355825720117310880e+02 4.067477160351932639e+02 1.213592822948404395e+46
6.399999999999998579e+00 1.428928335573422146e+02 4.286785006720266438e+02 1.279026608530092412e+46
6.499999999999998224e+00 1.500947104088683091e+02 4.502841312266049272e+02 1.343490248134259607e+46
6.599999999999997868e+00 1.569999796003079950e+02 4.709999388009239851e+02 1.405298967403376820e+46
6.699999999999997513e+00 1.636903044059871206e+02 4.910709132179613334e+02 1.465183730222770133e+46
6.799999999999997158e+00 1.636910139999748139e+02 4.910730419999244418e+02 1.465190081763074435e+46
6.899999999999996803e+00 1.699205236350994142e+02 5.097615709052982425e+02 1.520950111031592914e+46
6.999999999999996447e+00 1.757959346478846214e+02 5.273878039436538074e+02 1.573540621236482681e+46
7.099999999999996092e+00 1.811821854653486810e+02 5.435465563960460713e+02 1.621752682991062805e+46
7.199999999999995737e+00 1.860628483337768557e+02 5.581885450013305672e+02 1.665439252293219758e+46
7.299999999999995381e+00 1.905492797929814230e+02 5.716478393789442407e+02 1.705597075962987050e+46
7.399999999999995026e+00 1.943693579270619978e+02 5.831080737811860217e+02 1.739790404337235576e+46
7.499999999999994671e+00 1.977823710297449225e+02 5.933471130892347674e+02 1.770340113968695071e+46
7.599999999999994316e+00 2.004811991678270147e+02 6.014435975034809871e+02 1.794497189691261144e+46
7.699999999999993960e+00 2.028233028163840288e+02 6.084699084491520580e+02 1.815461242344312440e+46
7.799999999999993605e+00 2.047319901776842244e+02 6.141959705330526731e+02 1.832545807480942337e+46
7.899999999999993250e+00 2.047397861521296250e+02 6.142193584563888180e+02 1.832615588858404537e+46
7.999999999999992895e+00 2.061291261781194066e+02 6.183873785343582767e+02 1.845051501964037673e+46
