6.000000000000000000e+00 8.445654999679369723e+01 8.445654999679369723e+01 8.399626179931116568e+44
6.099999999999999645e+00 9.384656284736543341e+01 9.384656284736543341e+01 9.333509907984727833e+44
6.199999999999999289e+00 1.035897419603855667e+02 1.035897419603855667e+02 1.030251778667014585e+45
6.299999999999998934e+00 1.135134174206735622e+02 1.135134174206735622e+02 1.128947692957308782e+45
6.399999999999998579e+00 1.235209632570968523e+02 1.235209632570968523e+02 1.228477740073456666e+45
6.499999999999998224e+00 1.336891453426857481e+02 1.336891453426857481e+02 1.329605395005681022e+45
6.599999999999997868e+00 1.435850887548102435e+02 1.435850887548102435e+02 1.428025500210965273e+45
6.699999999999997513e+00 1.534057976777727959e+02 1.534057976777727959e+02 1.525697360804289220e+45
6.799999999999997158e+00 1.533314603915386272e+02 1.533314603915386272e+02 1.524958039324047274e+45
6.899999999999996803e+00 1.629171993549592798e+02 1.629171993549592798e+02 1.620293006184747319e+45
6.999999999999996447e+00 1.725124574872091330e+02 1.725124574872091330e+02 1.715722645939038252e+45
7.099999999999996092e+00 1.820375469964988042e+02 1.820375469964988042e+02 1.810454423653678780e+45
7.199999999999995737e+00 1.913171109722533458e+02 1.913171109722533458e+02 1.902744327174545481e+45
7.299999999999995381e+00 1.999713795633993527e+02 1.999713795633993527e+02 1.988815355447788134e+45
7.399999999999995026e+00 2.079879830432209644e+02 2.079879830432209644e+02 2.068544485356353791e+45
7.499999999999994671e+00 2.148529087796189856e+02 2.148529087796189856e+02 2.136819604267700580e+45
7.599999999999994316e+00 2.202651878969763288e+02 2.202651878969763288e+02 2.190647426229377925e+45
7.699999999999993960e+00 2.241857705163096171e+02 2.241857705163096171e+02 2.229639580669957058e+45
7.799999999999993605e+00 2.263025652499432852e+02 2.263025652499432852e+02 2.250692162693310884e+45
7.899999999999993250e+00 2.262688624370065043e+02 2.262688624370065043e+02 2.250356971367247934e+45
7.999999999999992895e+00 2.264606506686675402e+02 2.264606506686675402e+02 2.252264401225232766e+45
