8.000000000000000000e+00 3.693940314105972789e+01 1.108182094231791837e+02 3.306427505454685941e+45
8.099999999999999645e+00 3.949515989889962952e+01 1.184854796966988886e+02 3.535192014970555969e+45
8.199999999999999289e+00 4.210741347936749435e+01 1.263222404381024830e+02 3.769013526831444405e+45
8.299999999999998934e+00 4.478627268503894499e+01 1.343588180551168421e+02 4.008796874901493014e+45
8.399999999999998579e+00 4.747250213653826734e+01 1.424175064096148162e+02 4.249239929990471275e+45
8.499999999999998224e+00 5.022395120893849452e+01 1.506718536268154764e+02 4.495520760736479697e+45
8.599999999999997868e+00 5.298119918725383570e+01 1.589435975617615213e+02 4.742320648651496618e+45
8.699999999999997513e+00 5.576449130792823894e+01 1.672934739237847168e+02 4.991451734727002019e+45
8.799999999999997158e+00 5.863161754071970222e+01 1.758948526221591067e+02 5.248086770261049846e+45
8.899999999999996803e+00 6.139499323573913614e+01 1.841849797072173942e+02 5.495435147034391261e+45
8.999999999999996447e+00 6.143922573017852784e+01 1.843176771905355906e+02 5.499394375495414392e+45
9.099999999999996092e+00 6.417927767398363414e+01 1.925378330219509166e+02 5.744655054959437260e+45
9.199999999999995737e+00 6.679754410847294821e+01 2.003926323254188446e+02 5.979014774377358896e+45
9.299999999999995381e+00 6.943007870321255837e+01 2.082902361096376751e+02 6.214651629685203659e+45
9.399999999999995026e+00 7.193555919560259326e+01 2.158066775868077798e+02 6.438915935818788693e+45
9.499999999999994671e+00 7.427677876327527429e+01 2.228303362898258229e+02 6.648477328711388001e+45
9.599999999999994316e+00 7.654578741970883016e+01 2.296373622591264905e+02 6.851575159044427489e+45
9.699999999999993960e+00 7.861059502483460903e+01 2.358317850745038413e+02 7.036395055375433550e+45
