8.271499999999992525e+00 8.370499999999992724e+00 8.469499999999992923e+00 8.568499999999993122e+00
8.667499999999993321e+00 8.766499999999993520e+00 8.865499999999993719e+00 8.964499999999993918e+00
9.063499999999994117e+00 9.162499999999994316e+00 9.261499999999994515e+00 9.360499999999994714e+00
9.459499999999994913e+00 9.558499999999995111e+00 9.657499999999995310e+00 9.756499999999995509e+00
9.855499999999995708e+00 9.954499999999995907e+00 1.005349999999999611e+01 1.015249999999999631e+01
1.025149999999999650e+01 1.035049999999999670e+01 1.044949999999999690e+01 1.054849999999999710e+01
1.064749999999999730e+01 1.074649999999999750e+01 1.084549999999999770e+01 1.094449999999999790e+01
1.104349999999999810e+01 1.114249999999999829e+01 1.124149999999999849e+01 1.134049999999999869e+01
1.143949999999999889e+01 1.153849999999999909e+01 1.163749999999999929e+01 1.173649999999999949e+01
1.183549999999999969e+01 1.193449999999999989e+01 1.203350000000000009e+01 1.213250000000000028e+01
1.223150000000000048e+01 1.233050000000000068e+01 1.242950000000000088e+01 1.252850000000000108e+01
