5.000000000000000000e+00 1.058751823237868592e+02 5.293759116189343104e+02 2.632454064503055294e+46
5.099999999999999645e+00 1.110062312990333169e+02 5.550311564951665559e+02 2.760031183461339519e+46
5.199999999999999289e+00 1.161745233661508365e+02 5.808726168307541684e+02 2.888534305345132826e+46
5.299999999999998934e+00 1.213324473824087306e+02 6.066622369120436815e+02 3.016779638604365221e+46
5.399999999999998579e+00 1.264559113156857109e+02 6.322795565784285827e+02 3.144168164975380694e+46
5.499999999999998224e+00 1.315538554570299539e+02 6.577692772851497693e+02 3.270922173619728290e+46
5.599999999999997868e+00 1.367414769040806277e+02 6.837073845204031386e+02 3.399905896373834193e+46
5.699999999999997513e+00 1.367393865441569574e+02 6.836969327207848437e+02 3.399853922187282112e+46
5.799999999999997158e+00 1.419479943816932348e+02 7.097399719084661456e+02 3.529359445307824828e+46
5.899999999999996803e+00 1.470964074508364092e+02 7.354820372541820461e+02 3.657368300755733394e+46
5.999999999999996447e+00 1.521278648297275709e+02 7.606393241486377974e+02 3.782469199160138445e+46
6.099999999999996092e+00 1.570804887469759876e+02 7.854024437348799665e+02 3.905610002082623783e+46
6.199999999999995737e+00 1.617313056019063708e+02 8.086565280095318258e+02 4.021246749659399328e+46
6.299999999999995381e+00 1.662768278368830011e+02 8.313841391844150621e+02 4.134265478129299008e+46
6.399999999999995026e+00 1.706557258019074652e+02 8.532786290095373261e+02 4.243141302407176180e+46
6.499999999999994671e+00 1.745422908661490453e+02 8.727114543307452550e+02 4.339775884523213248e+46
6.599999999999994316e+00 1.783252676024521293e+02 8.916263380122607032e+02 4.433834872350468616e+46
6.699999999999993960e+00 1.818615198487164548e+02 9.093075992435822172e+02 4.521759364138523507e+46
6.799999999999993605e+00 1.818490092117685037e+02 9.092450460588424903e+02 4.521448302789108490e+46
6.899999999999993250e+00 1.851812114738006301e+02 9.259060573690031788e+02 4.604299346781709621e+46
6.999999999999992895e+00 1.881522898424704522e+02 9.407614492123523178e+02 4.678171496570723924e+46
