1.300000000000000000e+01 2.104694179432534185e+01 2.946571851205547787e+01 4.102718248463067399e+44
1.309999999999999964e+01 1.922510417258564885e+01 2.691514584161990697e+01 3.747584161549630582e+44
1.319999999999999929e+01 1.737524344277345278e+01 2.432534081988283248e+01 3.386987479738025514e+44
1.329999999999999893e+01 1.547282842199155439e+01 2.166195979078817402e+01 3.016146295389972535e+44
1.339999999999999858e+01 1.549412642876380275e+01 2.169177700026932243e+01 3.020297954186499293e+44
1.349999999999999822e+01 1.360623000195639420e+01 1.904872200273895189e+01 2.652286905495362845e+44
1.359999999999999787e+01 1.178803301913360180e+01 1.650324622678704145e+01 2.297862494879147071e+44
1.369999999999999751e+01 1.002720062503722787e+01 1.403808087505211866e+01 1.954620266799631373e+44
1.379999999999999716e+01 8.367233524508886688e+00 1.171412693431244101e+01 1.631039891952861121e+44
1.389999999999999680e+01 6.830185803112529541e+00 9.562260124357541358e+00 1.331420412935170819e+44
1.399999999999999645e+01 5.491559724050395275e+00 7.688183613670553029e+00 1.070479621816646645e+44
