8.500000000000000000e+00 8.817258570441694587e+01 1.322588785566254046e+02 1.973071015027377054e+45
8.599999999999999645e+00 8.423719419756898219e+01 1.263557912963534733e+02 1.885007283506825119e+45
8.699999999999999289e+00 7.969957013081381092e+01 1.195493551962207164e+02 1.783467168156019471e+45
8.799999999999998934e+00 7.463837366887004521e+01 1.119575605033050749e+02 1.670210876978430600e+45
8.899999999999998579e+00 6.899096490847924201e+01 1.034864473627188630e+02 1.543836693368880557e+45
8.999999999999998224e+00 6.901224471308617581e+01 1.035183670696292637e+02 1.544312879536496516e+45
9.099999999999997868e+00 6.316230821242402982e+01 9.474346231863604828e+01 1.413406656734992233e+45
9.199999999999997513e+00 5.747630746373776844e+01 8.621446119560664556e+01 1.286168885731358740e+45
9.299999999999997158e+00 5.199306484288439378e+01 7.798959726432659068e+01 1.163468309388540136e+45
9.399999999999996803e+00 4.676226160885212124e+01 7.014339241327817831e+01 1.046416663869387169e+45
9.499999999999996447e+00 4.177800420076012955e+01 6.266700630114019077e+01 9.348820667519844979e+44
