1.300000000000000000e+01 8.547360175045925601e+00 1.196630424506429513e+01 1.666152304170017007e+44
1.309999999999999964e+01 8.092077936855588405e+00 1.132890911159782377e+01 1.577403317971545940e+44
1.319999999999999929e+01 7.599218163942098592e+00 1.063890542951893714e+01 1.481329275289927964e+44
1.329999999999999893e+01 7.092003693201190728e+00 9.928805170481666664e+00 1.382457045522355567e+44
1.339999999999999858e+01 7.094444421920979238e+00 9.932222190689369512e+00 1.382932821165015644e+44
1.349999999999999822e+01 6.569060753112406559e+00 9.196685054357368827e+00 1.280518836913556629e+44
1.359999999999999787e+01 6.024476962549142556e+00 8.434267747568798157e+00 1.174362138368236687e+44
1.369999999999999751e+01 5.469767638416442423e+00 7.657674693783018682e+00 1.066231651338265987e+44
1.379999999999999716e+01 4.915932403338521439e+00 6.882305364673929837e+00 9.582715520611037559e+43
1.389999999999999680e+01 4.368327964811220099e+00 6.115659150735707428e+00 8.515260331709876665e+43
1.399999999999999645e+01 3.822729511166064853e+00 5.351821315632490084e+00 7.451715445247209341e+43
