1.100000000000000000e+01 3.258849959240868621e+00 3.258849959240868621e+00 3.241089226963005446e+43
1.109999999999999964e+01 2.611455187997610228e+00 2.611455187997610228e+00 2.597222757223022891e+43
1.119999999999999929e+01 2.624580242098778715e+00 2.624580242098778715e+00 2.610276279779340011e+43
1.129999999999999893e+01 1.516926658410008510e+00 1.516926658410008510e+00 1.508659408121673910e+43
1.139999999999999858e+01 8.513855760537796247e-01 8.513855760537796247e-01 8.467455246642864285e+42
1.149999999999999822e+01 3.616506713718219967e-01 3.616506713718219967e-01 3.596796752128455137e+42
1.159999999999999787e+01 6.543919994193024559e-02 6.543919994193024559e-02 6.508255630224672386e+41
1.169999999999999751e+01 3.445901701132651762e-02 3.445901701132651762e-02 3.427121536861478452e+41
1.189999999999999680e+01 5.776403161528863468e-03 5.776403161528863468e-03 5.744921764298530820e+40
1.199999999999999645e+01 5.325158841561828879e-03 5.325158841561828879e-03 5.296136725875316116e+40
