7.000000000000000000e+00 8.518296916906185956e+00 1.703659383381237191e+01 3.388748879483618683e+44
7.099999999999999645e+00 8.665006462312163649e+00 1.733001292462432730e+01 3.447112870837024556e+44
7.199999999999999289e+00 8.694811079285234001e+00 1.738962215857046800e+01 3.458969743561251590e+44
7.299999999999998934e+00 8.700442927889666223e+00 1.740088585577933245e+01 3.461210205573066691e+44
7.399999999999998579e+00 8.729334717083014894e+00 1.745866943416602979e+01 3.472703937149964664e+44
7.499999999999998224e+00 8.689984679703325554e+00 1.737996935940665111e+01 3.457049705279576842e+44
7.599999999999997868e+00 8.709970763085440382e+00 1.741994152617088076e+01 3.465000568970649482e+44
7.699999999999997513e+00 8.769998331731308383e+00 1.753999666346261677e+01 3.488880736329348812e+44
7.799999999999997158e+00 8.774038133527181316e+00 1.754807626705436263e+01 3.490487850279782978e+44
7.899999999999996803e+00 8.768315041176487412e+00 1.753663008235297482e+01 3.488211089680830022e+44
7.999999999999996447e+00 8.850637362167960376e+00 1.770127472433592075e+01 3.520960555417657757e+44
