8.000000000000000000e+00 9.780837583303460292e+01 1.956167516660692058e+02 3.891012807389782150e+45
8.099999999999999645e+00 9.847881993095072062e+01 1.969576398619014412e+02 3.917684414493081001e+45
8.199999999999999289e+00 9.887336658698308156e+01 1.977467331739661631e+02 3.933380269563360508e+45
8.299999999999998934e+00 9.885492486335201079e+01 1.977098497267040216e+02 3.932646620913869056e+45
8.399999999999998579e+00 9.852984580068719822e+01 1.970596916013743964e+02 3.919714325642938105e+45
8.499999999999998224e+00 9.786223809402636675e+01 1.957244761880527335e+02 3.893155555856556438e+45
8.599999999999997868e+00 9.679006704771298075e+01 1.935801340954259615e+02 3.850502447292117363e+45
8.699999999999997513e+00 9.545243308420441508e+01 1.909048661684088302e+02 3.797288692955819468e+45
8.799999999999997158e+00 9.381814042053426306e+01 1.876362808410685261e+02 3.732273262209694050e+45
8.899999999999996803e+00 9.191857333956448883e+01 1.838371466791289777e+02 3.656704684594554215e+45
8.999999999999996447e+00 8.978029636261079816e+01 1.795605927252215963e+02 3.571639749897382671e+45
9.099999999999996092e+00 8.740104733635318723e+01 1.748020946727063745e+02 3.476988465134802189e+45
9.199999999999995737e+00 8.494899492647415684e+01 1.698979898529483137e+02 3.379440916164994464e+45
9.299999999999995381e+00 8.225759511986689176e+01 1.645151902397337835e+02 3.272371649058544401e+45
9.399999999999995026e+00 7.945564435418162930e+01 1.589112887083632586e+02 3.160904443698053210e+45
9.499999999999994671e+00 7.656105885420939217e+01 1.531221177084187843e+02 3.045752043338157748e+45
