1.350000000000000000e+01 6.562283611831281860e+01 2.624913444732512744e+02 1.044243066583488194e+46
1.359999999999999964e+01 6.353052998785224759e+01 2.541221199514089903e+02 1.010948617590695182e+46
1.369999999999999929e+01 6.129540554665082652e+01 2.451816221866033061e+02 9.753815293827451967e+45
1.379999999999999893e+01 5.911153296377867150e+01 2.364461318551146860e+02 9.406300017460171449e+45
1.389999999999999858e+01 5.681672515037980986e+01 2.272669006015192394e+02 9.041131839729637925e+45
1.399999999999999822e+01 5.462745230846666544e+01 2.185098092338666618e+02 8.692757230941682971e+45
1.409999999999999787e+01 5.235773791282660738e+01 2.094309516513064295e+02 8.331582118592271972e+45
1.419999999999999751e+01 5.006827717967571090e+01 2.002731087187028436e+02 7.967264811047436075e+45
1.429999999999999716e+01 4.778430672889246722e+01 1.911372269155698689e+02 7.603821161155199797e+45
1.439999999999999680e+01 4.548996558786273425e+01 1.819598623514509370e+02 7.238727244065420916e+45
1.449999999999999645e+01 4.316332808910176766e+01 1.726533123564070706e+02 6.868494072162585779e+45
1.459999999999999609e+01 4.083359336727350808e+01 1.633343734690940323e+02 6.497768045347498306e+45
1.469999999999999574e+01 3.858086868838616112e+01 1.543234747535446445e+02 6.139296472645512839e+45
1.479999999999999538e+01 3.628976065811288265e+01 1.451590426324515306e+02 5.774717034004186533e+45
1.489999999999999503e+01 3.404383932047387873e+01 1.361753572818955149e+02 5.417328063388366982e+45
1.499999999999999467e+01 3.178604724739458121e+01 1.271441889895783248e+02 5.058050126383404321e+45
