6.000000000000000000e+00 6.745903049552665287e+00 2.023770914865799497e+01 6.038224090139342204e+44
6.099999999999999645e+00 7.376027174932164421e+00 2.212808152479649237e+01 6.602245044145905580e+44
6.199999999999999289e+00 8.016750872531426708e+00 2.405025261759428190e+01 7.175753622248517610e+44
6.299999999999998934e+00 8.681357809894276301e+00 2.604407342968282890e+01 7.770639968847317679e+44
6.399999999999998579e+00 9.351514190815903405e+00 2.805454257244770844e+01 8.370493594628361128e+44
6.499999999999998224e+00 1.002786713191032320e+01 3.008360139573096959e+01 8.975893730437270841e+44
6.599999999999997868e+00 1.073400690896828991e+01 3.220202072690486972e+01 9.607955914182970973e+44
6.699999999999997513e+00 1.145366469832547551e+01 3.436099409497642654e+01 1.025211800314763937e+45
6.799999999999997158e+00 1.145119997010709412e+01 3.435359991032127880e+01 1.024991183724300830e+45
6.899999999999996803e+00 1.221236764813141917e+01 3.663710294439425752e+01 1.093122922000419142e+45
6.999999999999996447e+00 1.290863239311710409e+01 3.872589717935131404e+01 1.155445231191715241e+45
7.099999999999996092e+00 1.356891432699848643e+01 4.070674298099545751e+01 1.214546736952470832e+45
7.199999999999995737e+00 1.422956346931777460e+01 4.268869040795332381e+01 1.273681111356899241e+45
7.299999999999995381e+00 1.480454246544860908e+01 4.441362739634583079e+01 1.325147193811072056e+45
7.399999999999995026e+00 1.533694465476704849e+01 4.601083396430114192e+01 1.372802247575871119e+45
7.499999999999994671e+00 1.566265759396991442e+01 4.698797278190974680e+01 1.401956649907449976e+45
7.599999999999994316e+00 1.602967812840855544e+01 4.808903438522566631e+01 1.434808474434785672e+45
7.699999999999993960e+00 1.632259409519169679e+01 4.896778228557509038e+01 1.461027236163561031e+45
7.799999999999993605e+00 1.659239717482593335e+01 4.977719152447780004e+01 1.485177174920081521e+45
7.899999999999993250e+00 1.662793268675992664e+01 4.988379806027977992e+01 1.488357940825537329e+45
7.999999999999992895e+00 1.683364877564283901e+01 5.050094632692851349e+01 1.506771485083402585e+45
