9.800000000000000711e+00 7.337562848433478280e+01 1.834390712108369712e+02 4.560983206818447122e+45
9.900000000000000355e+00 6.818510054462032599e+01 1.704627513615508292e+02 4.238343234165759057e+45
1.000000000000000000e+01 6.325653818228450120e+01 1.581413454557112459e+02 3.931986878074440742e+45
1.009999999999999964e+01 6.311444766885225022e+01 1.577861191721306113e+02 3.923154620566062929e+45
1.019999999999999929e+01 5.844360063037500197e+01 1.461090015759374978e+02 3.632817687933716152e+45
1.029999999999999893e+01 5.381724806927102378e+01 1.345431201731775559e+02 3.345246504205843526e+45
1.039999999999999858e+01 4.943011486181048042e+01 1.235752871545261939e+02 3.072545045988350471e+45
1.049999999999999822e+01 4.508022858539764144e+01 1.127005714634941000e+02 2.802158833725451342e+45
1.059999999999999787e+01 4.084902358450031556e+01 1.021225589612507889e+02 2.539149775372798990e+45
1.069999999999999751e+01 3.660224108221557060e+01 9.150560270553893361e+01 2.275172429269843248e+45
1.079999999999999716e+01 3.238678953578364883e+01 8.096697383945911497e+01 2.013142595800851571e+45
1.089999999999999680e+01 2.830199326374231106e+01 7.075498315935577409e+01 1.759234212528432019e+45
1.099999999999999645e+01 2.433731887316299236e+01 6.084329718290747735e+01 1.512792530331515784e+45
