6.000000000000000000e+00 5.990471124012010762e+00 2.396188449604804305e+01 9.532516890217832486e+44
6.099999999999999645e+00 6.376290635598299339e+00 2.550516254239319736e+01 1.014646376261486076e+45
6.199999999999999289e+00 6.790183765520133363e+00 2.716073506208053345e+01 1.080508362239687738e+45
6.299999999999998934e+00 7.256053858344626128e+00 2.902421543337850451e+01 1.154641338370663562e+45
6.399999999999998579e+00 7.707884267034339487e+00 3.083153706813735795e+01 1.226540207644640324e+45
6.499999999999998224e+00 8.221016547572450150e+00 3.288406619028980060e+01 1.308193921182108714e+45
6.599999999999997868e+00 8.749521532934471324e+00 3.499808613173788530e+01 1.392293862492796490e+45
6.699999999999997513e+00 9.260986082180933110e+00 3.704394432872373244e+01 1.473682193285287522e+45
6.799999999999997158e+00 9.920103776384159744e+00 3.968041510553663898e+01 1.578566273728458464e+45
6.899999999999996803e+00 1.040242994869977622e+01 4.160971979479910487e+01 1.655317872876697709e+45
6.999999999999996447e+00 1.086846692275883974e+01 4.347386769103535897e+01 1.729477404484768549e+45
7.099999999999996092e+00 1.142668378102142590e+01 4.570673512408570360e+01 1.818305336706377349e+45
7.199999999999995737e+00 1.157359958620009976e+01 4.629439834480039906e+01 1.841683754952849258e+45
7.299999999999995381e+00 1.147551915895673247e+01 4.590207663582692987e+01 1.826076412726466721e+45
7.399999999999995026e+00 1.145320577364767090e+01 4.581282309459068358e+01 1.822525728349006341e+45
7.499999999999994671e+00 1.214546650374042258e+01 4.858186601496169033e+01 1.932683793807205867e+45
7.599999999999994316e+00 1.287570306802539122e+01 5.150281227210156487e+01 2.048884877808744374e+45
7.699999999999993960e+00 1.302869361322661135e+01 5.211477445290644539e+01 2.073229957285524188e+45
7.799999999999993605e+00 1.335212892514009297e+01 5.340851570056037190e+01 2.124697571599692539e+45
7.899999999999993250e+00 1.406418311100825314e+01 5.625673244403301254e+01 2.238005330088520994e+45
7.999999999999992895e+00 1.520200556936407210e+01 6.080802227745628841e+01 2.419064742241765846e+45
