7.000000000000000000e+00 7.740822053884003573e+00 1.393347969699120625e+01 2.494357601875668703e+44
7.099999999999999645e+00 8.233485307877304038e+00 1.482027355417914727e+01 2.653110551395596632e+44
7.199999999999999289e+00 9.394199832792473615e+00 1.690955969902645251e+01 3.027132467760016404e+44
7.299999999999998934e+00 1.109759409425146082e+01 1.997566936965262840e+01 3.576024354885844262e+44
7.399999999999998579e+00 1.368564928930991442e+01 2.463416872075784525e+01 4.409984250221348647e+44
7.499999999999998224e+00 1.718988596872369001e+01 3.094179474370264415e+01 5.539169153222903377e+44
7.599999999999997868e+00 1.993307283486469572e+01 3.587953110275645230e+01 6.423117778484357161e+44
7.699999999999997513e+00 2.211037531485623830e+01 3.979867556674123108e+01 7.124719101282448004e+44
7.799999999999997158e+00 2.400805645880407013e+01 4.321450162584732624e+01 7.736216866557561556e+44
7.899999999999996803e+00 2.396802086618169625e+01 4.314243755912705325e+01 7.723316029397365345e+44
7.999999999999996447e+00 2.562032168013116618e+01 4.611657902423610267e+01 8.255743860339722241e+44
