1.050000000000000000e+01 7.722352494716510307e+01 1.544470498943302061e+02 3.072106269448121842e+45
1.059999999999999964e+01 7.870504246578894936e+01 1.574100849315778987e+02 3.131043999374015515e+45
1.069999999999999929e+01 7.994972134806354802e+01 1.598994426961270960e+02 3.180559814668663588e+45
1.079999999999999893e+01 8.079240230172615611e+01 1.615848046034523122e+02 3.214083348367269685e+45
1.089999999999999858e+01 8.136316665255677094e+01 1.627263333051135419e+02 3.236789495772012950e+45
1.099999999999999822e+01 8.173484374114072182e+01 1.634696874822814436e+02 3.251575553710059844e+45
1.109999999999999787e+01 8.168542697307155720e+01 1.633708539461431144e+02 3.249609655842732380e+45
1.119999999999999751e+01 8.169348420579927961e+01 1.633869684115985592e+02 3.249930188675106876e+45
1.129999999999999716e+01 8.142188212220793275e+01 1.628437642444158655e+02 3.239125314585675996e+45
1.139999999999999680e+01 8.078938468109271298e+01 1.615787693621854260e+02 3.213963301383230125e+45
1.149999999999999645e+01 7.990778695057460368e+01 1.598155739011492074e+02 3.178891580467758676e+45
