7.000000000000000000e+00 1.458848579984709204e+01 4.376545739954127612e+01 1.305808069701413174e+45
7.099999999999999645e+00 1.482540932566076464e+01 4.447622797698229391e+01 1.327014976035231964e+45
7.199999999999999289e+00 1.504818262542331198e+01 4.514454787626993948e+01 1.346955302710327908e+45
7.299999999999998934e+00 1.525905291152810328e+01 4.577715873458431162e+01 1.365830196584424826e+45
7.399999999999998579e+00 1.547490722530245399e+01 4.642472167590736376e+01 1.385151208283209929e+45
7.499999999999998224e+00 1.569419198754162537e+01 4.708257596262487255e+01 1.404779277708856919e+45
7.599999999999997868e+00 1.593154820830878649e+01 4.779464462492636301e+01 1.426024914351615205e+45
7.699999999999997513e+00 1.613967846388717930e+01 4.841903539166153791e+01 1.444654549463309428e+45
7.799999999999997158e+00 1.633144137414688402e+01 4.899432412244065205e+01 1.461819151679200606e+45
7.899999999999996803e+00 1.652830697806258797e+01 4.958492093418776392e+01 1.479440493452892922e+45
7.999999999999996447e+00 1.683319283668832966e+01 5.049957851006499254e+01 1.506730674215554177e+45
